 168 169 170 170 171 166  99  75  74  98 166 170 171 172 170 169
 169 169 172 173 172 168 103  76  75 106 167 171 174 174 174 172
 169 171 172 173 172 169 100  76  76 105 169 172 174 174 174 173
 169 173 173 174 173 169 102  76  76 106 169 172 174 174 174 171
 169 172 172 172 171 168  99  76  76 107 168 171 173 174 173 173
 170 172 170 168 167 167 103  81  83 107 166 167 169 171 173 173
 168 170 148 104 104 104 135 146 147 132 104 105 108 144 171 171
 167 169 140  75  71  78 145 168 168 143  80  77  81 136 170 170
 166 166 135  68  65  76 147 169 170 143  75  72  74 131 167 167
 147 144 121  62  62  74 148 169 169 143  72  67  69 114 140 141
  60  60  60  58  60  70 145 169 169 142  69  63  61  64  70  71
  50  50  52  52  56  69 149 169 168 142  69  61  60  58  59  58
  47  48  49  51  53  69 148 169 167 140  68  58  55  54  52  52
  45  46  47  50  52  66 146 168 168 141  68  56  51  51  51  51
  43  45  44  48  51  65 148 167 167 140  62  54  52  49  48  49
  41  42  45  47  51  61 148 165 166 136  62  53  50  49  48  49
 170 172 172 173 172 170  97  69  69  91 169 172 173 173 173 170
 172 173 174 174 173 171  99  70  70 102 169 173 174 175 174 172
 171 173 175 175 173 171  97  70  71 100 169 173 174 175 175 173
 172 173 174 174 174 171  98  68  68 101 169 173 174 175 175 173
 172 174 173 173 172 170  97  71  71 102 169 172 173 174 174 173
 170 172 172 170 169 168 100  77  77 102 167 169 170 172 174 173
 171 171 148  99 100 100 134 147 148 133 101 101 104 142 172 172
 169 170 141  71  67  73 146 169 170 145  74  71  76 133 170 170
 167 168 138  64  61  69 148 170 170 144  69  65  67 129 168 167
 149 144 123  58  58  67 147 170 170 145  67  61  62 110 138 140
  56  57  54  52  55  65 145 170 170 142  64  57  56  60  62  64
  47  48  48  49  53  64 147 169 169 143  64  55  53  52  53  54
  44  45  46  47  51  61 146 169 170 141  63  53  51  49  49  49
  43  44  44  47  50  60 146 168 169 141  61  53  49  47  47  47
  42  43  44  45  49  58 146 169 169 141  59  52  47  46  45  46
  41  41  43  44  47  56 146 166 167 137  57  50  47  45  44  46
 172 174 174 174 174 171  97  69  68  89 169 173 173 173 173 171
 173 175 175 176 174 171  99  71  69 101 170 173 175 175 174 173
 174 176 177 176 176 172  96  68  70 100 171 173 175 175 175 174
 173 175 176 175 175 172  97  67  69 102 169 172 175 175 174 173
 174 175 175 174 174 172  96  71  71 102 170 171 173 174 174 174
 173 174 173 172 171 169  99  75  73 101 167 170 171 172 174 173
 171 174 150  98 101 102 135 147 148 133 101 100 103 141 173 172
 171 172 143  71  67  72 148 170 172 145  71  70  75 133 171 172
 170 171 139  64  60  70 150 171 173 146  69  63  65 131 169 169
 151 146 125  58  58  67 148 172 171 145  65  60  62 111 141 141
  56  57  54  52  56  64 146 172 171 143  64  56  55  60  60  62
  49  49  51  50  53  64 150 172 172 145  63  55  54  53  53  55
  46  46  48  49  52  61 148 171 172 145  63  54  52  49  50  50
  45  45  46  48  50  61 148 172 172 144  61  54  50  48  47  47
  43  45  44  48  50  60 149 171 171 144  58  51  49  47  46  46
  42  42  44  46  48  58 150 169 171 140  59  50  47  46  45  46

 169 172 173 171 173 173 171 170 167 141  71  58  52  51  49  49
 170 174 174 174 173 173 171 170 167 140  70  59  52  51  48  48
 172 174 174 174 174 171 144 136 131 114  64  58  54  51  49  49
 171 174 174 174 173 169 108  81  74  69  61  60  55  51  52  50
 170 171 172 172 171 167 105  77  72  67  63  61  58  56  54  53
 166 167 169 169 168 166 104  80  75  72  69  69  68  68  62  62
  98 106 105 106 107 107 132 143 143 143 142 142 140 141 140 136
  74  75  76  76  76  83 147 168 170 169 169 168 167 168 167 166
  75  76  76  76  76  81 146 168 169 169 169 169 169 168 167 165
  99 103 100 102  99 103 135 145 147 148 145 149 148 146 148 148
 166 168 169 169 168 167 104  78  76  74  70  69  69  66  65  61
 171 172 172 173 171 167 104  71  65  62  60  56  53  52  51  51
 170 173 173 174 172 168 104  75  68  62  58  52  51  50  48  47
 170 172 172 173 172 170 148 140 135 121  60  52  49  47  44  45
 169 169 171 173 172 172 170 169 166 144  60  50  48  46  45  42
 168 169 169 169 169 170 168 167 166 147  60  50  47  45  43  41
 170 172 173 173 173 173 172 170 167 140  64  54  49  47  46  46
 173 174 175 175 174 174 172 170 168 138  62  53  49  47  45  44
 173 175 175 175 174 172 142 133 129 110  60  52  49  47  46  45
 173 174 174 174 173 170 104  76  67  62  56  53  51  49  47  47
 172 173 173 173 172 169 101  71  65  61  57  55  53  53  52  50
 169 169 169 169 169 167 101  74  69  67  64  64  63  61  59  57
  91 102 100 101 102 102 133 145 144 145 142 143 141 141 141 137
  69  70  71  68  71  77 148 170 170 170 170 169 170 169 169 167
  69  70  70  68  71  77 147 169 170 170 170 169 169 168 169 166
  97  99  97  98  97 100 134 146 148 147 145 147 146 146 146 146
 170 171 171 171 170 168 100  73  69  67  65  64  61  60  58  56
 172 173 173 174 172 169 100  67  61  58  55  53  51  50  49  47
 173 174 175 174 173 170  99  71  64  58  52  49  47  47  45  44
 172 174 175 174 173 172 148 141 138 123  54  48  46  44  44  43
 172 173 173 173 174 172 171 170 168 144  57  48  45  44  43  41
 170 172 171 172 172 170 171 169 167 149  56  47  44  43  42  41
 171 173 174 173 174 173 172 172 169 141  62  55  50  47  46  46
 173 174 175 174 174 174 173 171 169 141  60  53  50  47  46  45
 173 175 175 175 174 172 141 133 131 111  60  53  49  48  47  46
 173 175 175 175 173 171 103  75  65  62  55  54  52  50  49  47
 173 173 173 172 171 170 100  70  63  60  56  55  54  54  51  50
 169 170 171 169 170 167 101  71  69  65  64  63  63  61  58  59
  89 101 100 102 102 101 133 145 146 145 143 145 145 144 144 140
  68  69  70  69  71  73 148 172 173 171 171 172 172 172 171 171
  69  71  68  67  71  75 147 170 171 172 172 172 171 172 171 169
  97  99  96  97  96  99 135 148 150 148 146 150 148 148 149 150
 171 171 172 172 172 169 102  72  70  67  64  64  61  61  60  58
 174 174 176 175 174 171 101  67  60  58  56  53  52  50  50  48
 174 176 176 175 174 172  98  71  64  58  52  50  49  48  48  46
 174 175 177 176 175 173 150 143 139 125  54  51  48  46  44  44
 174 175 176 175 175 174 174 172 171 146  57  49  46  45  45  42
 172 173 174 173 174 173 171 171 170 151  56  49  46  45  43  42

  49  48  49  50  53  62 136 166 165 148  61  51  47  45  42  41
  49  48  49  52  54  62 140 167 167 148  65  51  48  44  45  43
  51  51  51  51  56  68 141 168 168 146  66  52  50  47  46  45
  52  52  54  55  58  68 140 167 169 148  69  53  51  49  48  47
  58  59  58  60  61  69 142 168 169 149  69  56  52  52  50  50
  71  70  64  61  63  69 142 169 169 145  70  60  58  60  60  60
 141 140 114  69  67  72 143 169 169 148  74  62  62 121 144 147
 167 167 131  74  72  75 143 170 169 147  76  65  68 135 166 166
 170 170 136  81  77  80 143 168 168 145  78  71  75 140 169 167
 171 171 144 108 105 104 132 147 146 135 104 104 104 148 170 168
 173 173 171 169 167 166 107  83  81 103 167 167 168 170 172 170
 173 173 174 173 171 168 107  76  76  99 168 171 172 172 172 169
 171 174 174 174 172 169 106  76  76 102 169 173 174 173 173 169
 173 174 174 174 172 169 105  76  76 100 169 172 173 172 171 169
 172 174 174 174 171 167 106  75  76 103 168 172 173 172 169 169
 169 170 172 171 170 166  98  74  75  99 166 171 170 170 169 168
  46  44  45  47  50  57 137 167 166 146  56  47  44  43  41  41
  46  45  46  47  52  59 141 169 169 146  58  49  45  44  43  42
  47  47  47  49  53  61 141 169 168 146  60  50  47  44  44  43
  49  49  49  51  53  63 141 170 169 146  61  51  47  46  45  44
  54  53  52  53  55  64 143 169 169 147  64  53  49  48  48  47
  64  62  60  56  57  64 142 170 170 145  65  55  52  54  57  56
 140 138 110  62  61  67 145 170 170 147  67  58  58 123 144 149
 167 168 129  67  65  69 144 170 170 148  69  61  64 138 168 167
 170 170 133  76  71  74 145 170 169 146  73  67  71 141 170 169
 172 172 142 104 101 101 133 148 147 134 100 100  99 148 171 171
 173 174 172 170 169 167 102  77  77 100 168 169 170 172 172 170
 173 174 174 173 172 169 102  71  71  97 170 172 173 173 174 172
 173 175 175 174 173 169 101  68  68  98 171 174 174 174 173 172
 173 175 175 174 173 169 100  71  70  97 171 173 175 175 173 171
 172 174 175 174 173 169 102  70  70  99 171 173 174 174 173 172
 170 173 173 173 172 169  91  69  69  97 170 172 173 172 172 170
  46  45  46  47  50  59 140 171 169 150  58  48  46  44  42  42
  46  46  47  49  51  58 144 171 171 149  60  50  48  44  45  43
  47  47  48  50  54  61 144 172 172 148  61  50  48  46  45  45
  50  50  49  52  54  63 145 172 171 148  61  52  49  48  46  46
  55  53  53  54  55  63 145 172 172 150  64  53  50  51  49  49
  62  60  60  55  56  64 143 171 172 146  64  56  52  54  57  56
 141 141 111  62  60  65 145 171 172 148  67  58  58 125 146 151
 169 169 131  65  63  69 146 173 171 150  70  60  64 139 171 170
 172 171 133  75  70  71 145 172 170 148  72  67  71 143 172 171
 172 173 141 103 100 101 133 148 147 135 102 101  98 150 174 171
 173 174 172 171 170 167 101  73  75  99 169 171 172 173 174 173
 174 174 174 173 171 170 102  71  71  96 172 174 174 175 175 174
 173 174 175 175 172 169 102  69  67  97 172 175 175 176 175 173
 174 175 175 175 173 171 100  70  68  96 172 176 176 177 176 174
 173 174 175 175 173 170 101  69  71  99 171 174 176 175 175 173
 171 173 173 173 173 169  89  68  69  97 171 174 174 174 174 172

  41  43  45  47  50  60 147 166 167 168 170 169 169 169 169 168
  42  45  46  48  50  60 144 166 169 170 172 172 173 171 169 169
  45  44  47  49  52  60 121 135 140 148 170 172 173 172 172 170
  47  48  50  51  52  58  62  68  75 104 168 172 174 173 173 170
  51  51  52  53  56  60  62  65  71 104 167 171 173 172 172 171
  61  65  66  69  69  70  74  76  78 104 167 168 169 169 168 166
 148 148 146 148 149 145 148 147 145 135 103  99 102 100 103  99
 165 167 168 169 169 169 169 169 168 146  81  76  76  76  76  75
 166 167 168 167 168 169 169 170 168 147  83  76  76  76  75  74
 136 140 141 140 142 142 143 143 143 132 107 107 106 105 106  98
  62  62  68  68  69  69  72  75  80 104 166 168 169 169 167 166
  53  54  56  58  61  63  67  72  77 105 167 171 172 172 171 170
  50  52  51  55  60  61  69  74  81 108 169 173 174 174 174 171
  49  49  51  54  58  64 114 131 136 144 171 174 174 174 174 172
  48  48  51  52  59  70 140 167 170 171 173 173 174 174 174 170
  49  49  51  52  58  71 141 167 170 171 173 173 171 173 172 169
  41  42  43  44  47  56 149 167 169 171 170 172 172 171 172 170
  41  43  44  45  48  57 144 168 170 171 172 174 173 173 173 172
  43  44  44  46  48  54 123 138 141 148 172 173 174 175 174 172
  44  45  47  47  49  52  58  64  71  99 170 173 174 175 174 173
  47  49  50  51  53  55  58  61  67 100 169 172 174 173 173 172
  56  58  60  61  64  65  67  69  73 100 168 170 171 171 171 170
 146 146 146 146 147 145 147 148 146 134 100  97  98  97  99  97
 166 169 168 169 169 170 170 170 169 147  77  71  68  70  70  69
 167 169 169 170 169 170 170 170 170 148  77  71  68  71  70  69
 137 141 141 141 143 142 145 144 145 133 102 102 101 100 102  91
  57  59  61  63  64  64  67  69  74 101 167 169 169 169 169 169
  50  52  53  53  55  57  61  65  71 101 169 172 173 173 173 172
  47  47  49  51  53  56  62  67  76 104 170 173 174 174 174 173
  45  46  47  49  52  60 110 129 133 142 172 174 175 175 175 173
  44  45  47  49  53  62 138 168 170 172 174 174 175 175 174 173
  46  46  47  49  54  64 140 167 170 172 173 173 173 173 172 170
  42  43  45  46  49  56 151 170 171 171 173 174 173 174 173 172
  42  45  45  46  49  57 146 171 172 174 174 175 175 176 175 174
  44  44  46  48  51  54 125 139 143 150 173 175 176 177 175 174
  46  48  48  49  50  52  58  64  71  98 172 174 175 176 176 174
  48  50  50  52  53  56  58  60  67 101 171 174 175 176 174 174
  58  60  61  61  64  64  67  70  72 102 169 172 172 172 171 171
 150 149 148 148 150 146 148 150 148 135  99  96  97  96  99  97
 169 171 172 171 172 172 172 171 170 147  75  71  67  68  71  69
 171 171 172 172 172 171 171 173 172 148  73  71  69  70  69  68
 140 144 144 145 145 143 145 146 145 133 101 102 102 100 101  89
  59  58  61  63  63  64  65  69  71 101 167 170 169 171 170 169
  50  51  54  54  55  56  60  63  70 100 170 171 172 173 173 173
  47  49  50  52  54  55  62  65  75 103 171 173 175 175 175 173
  46  47  48  49  53  60 111 131 133 141 172 174 175 175 175 173
  45  46  47  50  53  60 141 169 171 173 174 174 174 175 174 173
  46  46  47  50  55  62 141 169 172 172 173 174 173 174 173 171

