 145 143 141 145 142 140 136 137 134 108  68  65  62  64  73 118 128 130 133 136 139 138 139 132 134
 146 147 147 145 149 147 144 140 141 113  70  63  66  74  77 115 134 138 138 140 140 138 139 136 134
 150 150 150 150 152 148 144 145 147 116  77  68  72  74  79 120 132 135 140 142 145 143 140 138 136
 152 150 152 152 153 151 150 145 144 121  76  73  72  77  77 122 136 143 141 142 141 145 143 138 136
 152 152 156 156 152 154 155 149 146 117  77  77  74  78  80 128 139 147 145 146 143 146 146 140 141
 153 150 157 160 158 158 157 150 147 118  79  78  78  76  82 127 144 147 146 151 148 148 146 144 142
 158 158 159 160 160 161 155 152 148 120  81  77  77  79  86 129 141 147 149 150 150 148 145 144 144
 156 160 158 161 161 160 156 155 151 119  83  81  78  81  86 135 144 143 146 149 146 149 149 147 144
 158 159 159 160 157 158 162 155 150 118  89  84  85  86  87 133 147 145 148 148 150 150 148 146 147
 158 159 161 160 153 152 152 148 147 120  91  89  93  92  91 134 144 141 145 148 150 148 146 143 144
 157 160 160 158 101  95  96  96  94 111 140 143 148 145 142 101  95  92  98  96 106 146 147 145 146
 159 161 160 158  97  95  92  92  91 118 150 151 148 145 146 100  90  90  91  94 104 144 145 146 143
 162 161 160 155  95  88  89  85  86 119 149 153 155 150 145  96  86  82  88  88 100 141 146 143 143
 159 161 156 151  99  90  90  89  91 117 151 153 156 155 150 100  83  84  80  84  98 142 143 145 143
 156 155 154 153  96  96  90  92  95 120 157 158 158 156 151 104  86  82  82  85  99 143 144 144 143
 127 129 126 128 114 121 117 119 122 139 160 161 159 154 150  99  87  86  83  88 104 143 147 148 146
  82  84  93 100 155 158 159 159 159 160 160 165 160 156 147  97  85  84  83  89  99 143 147 147 147
  74  80  89  96 152 160 164 160 159 162 159 160 156 157 151 104  84  82  82  86 102 142 147 142 144
  76  80  84  97 155 160 160 156 160 165 162 160 161 156 151 102  86  83  78  88 108 144 146 143 142
  75  78  87  93 156 163 166 163 164 164 163 166 161 155 150  99  84  82  81  87 104 141 146 148 144
  76  81  84  95 153 159 166 167 166 163 165 164 161 157 150 104  85  81  81  85 102 142 146 147 143
  75  74  83  93 152 160 163 164 163 164 166 159 158 152 148 102  88  80  79  84 105 142 144 146 140
  70  70  85  93 156 157 166 165 164 164 156 157 159 152 146  95  83  78  80  83 104 141 145 145 141
  68  71  80  90 157 162 161 160 160 162 159 159 159 157 150  92  85  82  79  81 100 138 145 144 139
  63  69  77  91 152 156 158 163 162 162 161 161 156 156 149  99  77  78  78  81  96 138 141 141 140
 150 151 151 151 150 149 147 146 143 118  72  65  66  67  74 124 137 142 147 152 155 157 157 156 155
 153 154 154 154 154 153 152 151 148 119  76  68  67  69  76 128 141 146 152 157 159 159 161 160 159
 155 154 156 156 156 156 156 156 153 122  78  72  69  73  81 133 145 151 157 160 161 162 162 162 159
 156 156 158 157 159 159 160 158 156 129  79  75  74  76  84 131 148 155 160 162 164 164 165 162 160
 156 157 159 160 161 162 162 161 158 125  79  75  76  77  84 136 151 157 161 162 166 166 164 163 160
 157 159 159 161 164 164 164 161 158 123  81  77  76  78  86 140 154 159 162 164 165 166 165 163 161
 159 160 162 163 164 165 165 162 157 127  83  79  77  80  88 140 156 159 163 164 166 165 166 163 161
 158 161 162 164 165 166 163 161 156 128  86  83  81  83  88 140 157 159 163 164 164 165 164 163 159
 159 162 163 164 164 162 162 160 156 124  88  85  84  87  91 145 155 158 160 162 162 164 165 163 160
 161 162 163 163 159 158 158 151 153 123  92  93  91  92  93 144 151 153 155 158 159 163 165 164 161
 161 163 163 159 103  92  92  94  94 113 148 151 154 156 155 107  93  96  99 101 117 161 163 164 161
 159 161 162 159  95  89  87  88  90 118 156 160 160 160 159 104  90  89  91  94 113 158 163 162 161
 159 160 161 160  91  87  85  85  89 120 160 163 163 163 160 101  88  85  87  91 110 158 161 161 160
 157 159 158 156  93  87  86  87  89 118 162 164 164 164 159 104  87  84  84  89 107 156 161 161 159
 153 156 156 155  93  89  89  90  93 120 165 165 164 164 160 105  86  84  83  88 108 156 159 161 159
 126 124 124 128 115 121 123 124 123 139 166 167 166 164 160 102  86  82  82  86 109 153 158 159 159
  77  79  84  90 155 159 161 163 164 165 167 167 167 165 159 102  86  83  82  87 106 154 158 160 158
  70  75  80  87 151 160 161 163 164 164 166 167 165 164 158 106  84  81  81  85 107 154 157 158 157
  67  73  78  88 152 159 162 165 166 165 166 167 165 162 157 102  84  80  80  86 108 152 156 157 157
  65  70  77  87 155 159 163 163 165 165 165 166 164 161 157  98  83  81  80  85 106 152 155 157 156
  65  67  76  87 153 161 163 163 164 166 166 164 163 161 155 100  82  79  79  84 103 151 154 156 156
  63  65  73  84 152 160 162 163 164 165 165 165 163 160 155  98  83  79  78  83 107 150 153 156 154
  61  63  73  85 153 159 160 163 164 163 164 163 161 161 155  95  81  78  77  82 105 148 152 153 152
  62  65  76  85 152 159 160 162 163 163 162 162 160 158 152  93  80  76  77  80 102 148 151 152 151
  59  65  72  85 148 155 159 160 160 161 160 160 159 157 151  95  79  76  76  80 102 146 150 150 149
 159 157 156 156 157 157 157 155 152 127  74  68  65  69  77 133 148 152 157 164 173 171 174 174 172
 161 162 163 161 160 161 158 159 158 130  79  68  68  72  83 138 151 157 163 172 176 177 176 177 176
 162 164 163 164 163 163 163 163 163 132  81  72  74  77  83 140 156 161 167 176 180 179 178 179 177
 159 161 161 163 167 171 169 169 166 139  81  75  76  78  85 137 157 166 172 175 179 179 181 181 179
 160 163 165 167 168 169 170 171 167 133  85  78  77  79  83 142 161 170 174 177 178 179 182 183 178
 163 165 167 168 172 171 171 169 166 132  86  80  78  79  87 147 165 172 174 179 179 181 181 181 181
 165 165 164 168 172 171 170 171 166 135  86  80  78  83  90 147 168 173 175 177 179 180 180 179 178
 163 168 169 171 172 172 172 172 164 134  88  83  82  85  90 147 167 170 173 177 176 181 180 180 177
 163 168 169 170 168 170 171 170 164 132  89  85  86  88  95 151 168 172 173 175 176 177 178 179 176
 165 169 170 169 166 167 166 158 160 132  97  94  94  97 100 152 163 164 167 170 175 178 180 178 179
 164 167 167 165 103  92  95  94  94 118 155 160 164 165 165 112  96 101 103 108 124 174 179 178 174
 163 164 167 167  97  91  87  89  90 120 163 168 168 171 170 107  89  91  91  96 122 171 177 178 177
 164 164 166 165  91  86  85  87  90 124 169 171 173 174 170 106  90  90  89  95 113 172 177 177 176
 161 161 162 159  95  86  88  87  90 121 168 173 175 175 168 109  89  86  88  92 109 170 175 176 174
 157 157 159 160  95  88  90  89  93 122 172 177 176 175 171 111  88  85  84  91 112 172 175 177 174
 127 126 123 130 117 123 125 125 124 147 175 178 176 175 169 106  87  86  86  89 116 168 174 175 171
  75  77  83  90 157 163 169 168 168 174 175 174 175 174 170 108  86  84  83  88 107 166 169 173 171
  68  72  77  84 152 162 166 169 172 174 177 178 174 174 168 111  84  81  83  87 112 164 170 171 171
  58  67  78  84 155 165 166 171 172 172 174 176 177 174 166 106  84  81  81  87 114 162 168 172 169
  59  65  71  83 155 161 169 168 170 173 172 173 174 170 165 104  85  81  81  87 113 163 167 168 166
  61  61  69  83 153 162 166 166 167 168 171 169 172 172 164 107  85  80  82  85 104 164 167 167 167
  58  63  69  82 152 163 165 167 169 170 170 170 170 168 164 101  84  82  79  85 112 161 163 166 165
  58  61  67  82 154 162 165 168 166 169 173 168 168 166 161 101  82  79  81  84 109 158 165 163 164
  56  59  66  80 155 159 164 165 166 168 169 168 166 167 164  96  81  78  77  82 106 159 162 162 161
  56  61  67  84 150 157 160 162 162 166 166 166 167 166 160  97  78  76  78  83 107 157 159 161 162

 134 134 136 136 141 142 144 144 147 144 146 143 143 143 143 146 147 144 142 144 143 140 141 139 140
 132 136 138 138 140 144 144 147 146 143 145 146 143 145 144 148 147 142 143 148 147 146 145 144 141
 139 139 140 143 146 146 145 149 148 146 147 145 146 143 144 147 147 147 146 146 146 144 145 145 141
 138 138 143 145 146 148 148 149 150 148 146 144 141 142 143 143 143 142 144 141 142 142 141 138 138
 139 140 145 141 143 148 150 146 150 150 106 104 100  98  99 104  99 102 108 104 102 105 104 100  96
 136 140 142 142 146 151 150 149 148 148  96  94  88  84  85  88  89  86  88  87  85  84  83  81  81
 133 138 140 141 145 146 149 146 148 145  98  91  88  80  82  83  83  82  78  81  81  79  80  79  78
 130 138 135 143 147 147 147 143 145 141  92  90  82  84  82  86  84  82  83  82  81  80  78  82  78
 128 134 132 136 139 144 141 144 147 144  95  90  86  83  86  87  85  84  86  84  85  88  83  85  77
 118 115 120 122 128 127 129 135 133 134 101 100  96 100 104  99  97 104 102  99 104 102  95  92  99
  73  77  79  77  80  82  86  86  87  91 142 146 145 150 151 150 147 151 151 150 150 148 146 150 149
  64  74  74  77  78  76  79  81  86  92 145 145 150 155 156 154 156 157 156 155 157 152 152 157 156
  62  66  72  72  74  78  77  78  85  93 148 148 155 156 158 159 160 156 161 161 161 158 159 159 156
  65  63  68  73  77  78  77  81  84  89 143 151 153 153 158 161 165 160 160 166 164 159 157 159 161
  68  70  77  76  77  79  81  83  89  91 140 150 149 151 157 160 160 159 162 163 165 166 156 159 161
 108 113 116 121 117 118 120 119 118 120 111 118 119 117 120 139 160 162 165 164 163 164 164 162 162
 134 141 147 144 146 147 148 151 150 147  94  91  86  91  95 122 159 159 160 164 166 163 164 160 162
 137 140 145 145 149 150 152 155 155 148  96  92  85  89  92 119 159 160 156 163 167 164 165 160 163
 136 144 144 150 155 157 155 156 162 152  96  92  89  90  90 117 159 164 160 166 166 163 166 161 158
 140 147 148 151 154 158 161 160 158 152  95  95  88  90  96 121 158 160 160 163 159 160 157 162 156
 142 149 152 153 152 158 160 161 157 153 101  97  95  99  96 114 155 152 155 156 153 152 156 157 152
 145 145 150 152 156 160 160 161 160 160 158 158 155 151 153 128 100  96  97  93  95  93  93  90  91
 141 147 150 152 156 157 159 158 159 161 160 160 160 156 154 126  93  89  84  87  84  83  85  80  77
 143 147 150 150 152 150 158 160 159 159 160 161 161 161 155 129  84  80  80  78  81  74  70  71  69
 145 146 150 152 152 153 158 156 158 158 157 159 162 159 156 127  82  74  76  75  76  75  70  68  63
 155 159 159 160 160 161 161 159 160 161 161 161 160 159 159 159 158 157 157 156 156 154 152 151 149
 156 160 162 162 163 163 163 163 163 164 164 162 161 161 161 159 160 158 157 157 156 156 153 152 150
 157 161 162 165 164 165 166 164 165 165 163 163 161 161 159 158 158 157 156 155 154 153 152 151 150
 157 159 162 164 166 166 165 165 164 163 161 158 158 156 156 153 154 154 152 152 151 150 148 148 146
 155 159 161 164 166 165 166 164 162 159 117 113 110 107 108 109 106 107 108 106 103 107 105 102 102
 152 157 160 162 162 164 164 164 162 158 101  94  91  89  88  86  87  85  86  85  84  83  82  80  80
 147 152 157 160 161 162 163 163 160 155  99  91  87  84  83  82  82  81  80  80  79  78  77  77  76
 142 146 151 155 157 159 159 159 158 153  96  89  85  84  84  82  83  81  80  81  79  79  78  76  76
 137 141 145 148 151 154 156 157 155 151  93  90  88  87  86  86  86  84  84  83  82  83  81  80  79
 124 128 133 131 136 140 140 140 145 144 107 104 101 104 105 102 102 106 102  98 100  98  95  93  95
  74  76  81  84  84  86  88  88  91  93 155 159 160 159 160 160 159 158 157 157 155 155 155 152 151
  67  69  73  76  77  78  80  83  87  92 156 160 163 164 164 164 165 164 162 161 161 160 161 158 157
  66  67  69  74  76  76  77  81  84  91 154 160 163 164 164 166 167 165 165 164 163 163 161 160 159
  65  68  72  75  75  77  79  83  85  93 151 160 163 164 165 167 167 167 167 166 164 165 163 162 160
  72  76  78  79  79  81  83  86  88  92 148 156 160 162 165 166 167 166 166 165 166 165 164 162 160
 118 119 122 129 125 123 127 128 124 123 113 118 120 118 120 139 165 164 165 165 166 165 163 163 161
 143 148 153 156 158 158 157 156 156 153  94  90  89  89  93 123 164 164 166 165 164 164 164 163 160
 146 151 156 158 161 161 162 161 160 151  94  88  85  87  90 124 163 163 165 163 163 163 163 162 160
 147 152 156 160 162 164 165 163 162 158  92  87  85  86  89 123 161 161 162 163 163 162 160 160 159
 149 153 156 159 162 164 165 166 162 158  92  89  87  87  89 121 159 160 159 159 161 160 159 159 155
 150 154 156 159 161 164 164 165 164 159 103  95  91  93  93 115 155 151 152 155 153 152 153 152 148
 151 154 156 157 160 161 163 164 164 163 159 159 160 156 155 128  90  87  88  87  87  84  85  85  85
 151 154 156 158 159 159 162 162 163 163 163 162 161 158 156 124  84  80  78  77  76  73  73  76  72
 151 154 154 156 157 159 160 161 162 162 163 161 160 159 156 124  79  75  73  70  67  65  63  65  65
 150 153 155 156 156 157 159 158 159 161 161 159 159 157 153 126  77  70  67  65  65  63  61  62  59
 172 176 177 179 178 181 178 177 176 179 174 177 176 174 174 171 171 171 169 166 167 165 164 161 162
 174 177 179 181 183 181 179 180 179 178 178 178 177 176 177 175 173 171 172 168 167 166 163 162 161
 174 176 178 181 182 181 180 180 178 180 179 177 177 175 175 174 169 170 168 167 167 163 165 162 159
 171 177 179 179 179 181 180 181 177 178 174 171 172 170 172 168 166 164 162 163 164 161 158 159 157
 173 176 180 179 178 179 179 176 176 175 124 122 113 109 112 116 107 112 114 113 104 112 109 106 107
 164 172 176 175 177 179 177 177 175 170 108  96  95  92  91  89  88  87  87  87  85  85  84  82  83
 157 163 167 172 174 174 175 173 173 167 103  91  89  88  84  86  83  83  81  81  82  79  81  77  78
 152 157 161 166 170 172 173 170 172 164 101  91  90  86  85  86  84  81  81  81  80  82  79  78  76
 148 151 156 157 161 165 168 167 168 163  96  89  90  89  88  87  86  84  84  85  85  84  82  81  78
 133 138 140 137 142 147 147 147 151 152 112 107 106 109 111 106 108 111 106 104 107 101 101  96  97
  77  83  83  85  83  87  90  90  95 100 165 170 170 168 171 169 170 168 166 165 164 164 161 164 160
  69  72  77  78  79  79  83  85  88  97 165 171 174 175 175 175 174 174 174 170 172 168 166 167 166
  65  68  74  76  77  78  78  82  86  94 164 168 173 175 176 176 175 174 177 174 172 170 168 166 167
  68  68  72  75  78  80  80  83  85  94 160 168 171 173 177 178 174 178 176 173 169 170 168 168 166
  74  79  81  81  85  86  86  88  89  97 155 163 169 168 172 175 175 177 174 172 171 170 173 169 166
 127 130 132 139 133 132 135 134 132 132 118 120 124 121 122 147 174 174 172 173 168 170 169 168 166
 152 158 163 166 167 166 166 164 164 160  94  90  90  90  93 124 168 172 172 170 167 169 166 166 162
 155 159 163 169 171 169 171 172 170 158  94  89  87  87  89 125 168 169 171 168 166 167 168 165 162
 157 158 163 169 170 171 170 172 171 166  95  87  85  88  90 125 169 166 166 169 166 165 165 164 160
 157 161 163 171 169 171 171 172 170 167  92  91  86  86  88 123 163 162 165 161 162 163 162 159 157
 157 160 163 167 168 172 172 172 168 166 103  97  91  95  95 117 157 152 155 155 153 152 154 155 150
 156 161 164 163 167 168 168 171 170 169 165 167 165 159 160 130  90  84  84  83  83  82  82  80  84
 156 163 163 161 165 167 164 169 169 170 167 167 166 162 159 123  83  77  78  71  69  69  67  66  67
 157 162 164 161 163 165 165 168 168 169 167 164 164 161 157 126  77  72  67  65  61  63  61  59  61
 159 161 162 159 160 163 165 163 163 165 164 163 164 161 157 127  75  68  58  59  61  58  58  56  56

 140 141 141 138  96  81  78  78  77  99 149 156 156 161 161 162 162 163 158 156 152  91  77  69  63
 139 144 145 138 100  81  79  82  85  92 150 157 159 159 159 162 160 160 161 162 157  90  80  71  68
 141 145 145 141 104  83  80  78  83  95 146 152 159 157 156 164 164 165 166 157 156  93  85  70  70
 140 146 144 142 105  84  79  80  88 102 148 152 158 159 166 164 163 164 163 160 152  93  83  74  75
 143 147 146 142 102  85  81  81  85 104 150 157 161 164 165 163 166 167 166 159 153  95  84  81  76
 144 148 146 141 104  87  81  82  84  99 150 155 161 166 163 164 164 163 166 163 156  93  87  78  75
 142 143 146 144 108  88  78  83  86 102 151 156 161 160 162 165 160 156 160 160 155  97  84  80  76
 144 142 147 142 102  86  82  82  84 104 151 157 156 160 159 162 159 160 164 160 152  96  89  80  74
 147 147 147 143  99  89  83  84  85  97 147 156 160 165 160 160 159 159 159 158 155 100  93  84  82
 146 148 147 143 104  88  83  86  87  99 150 154 159 161 160 139 122 119 117 121 114 128 126 129 127
 143 144 144 143  99  85  82  82  86 104 151 156 158 158 157 120  95  92  90  96  96 153 154 155 156
 143 145 143 142  98  84  80  84  83 100 150 155 156 153 151 117  91  89  90  90  99 151 156 161 159
 143 143 146 141 100  88  88  82  86  96 145 150 155 153 149 119  86  85  89  88  95 155 160 161 162
 143 146 145 144 104  94  91  90  90 100 146 145 148 151 150 118  91  92  92  95  97 158 160 161 159
 146 145 147 146 106  96  98  92  95 101 142 145 148 143 140 111  94  96  96  95 101 158 160 160 157
 144 143 146 148 150 148 145 141 144 134  91  92  93  89  91 120 147 148 152 152 153 160 161 159 158
 147 146 148 150 150 148 148 145 147 133  87  86  85  84  89 118 150 155 162 158 157 160 159 159 158
 144 147 149 149 146 149 146 143 144 135  86  81  78  81  83 119 151 155 156 160 161 161 158 160 156
 144 144 145 148 150 150 149 147 141 129  86  79  77  77  81 120 148 152 155 161 160 160 159 158 158
 142 144 146 148 148 151 146 147 144 127  82  76  78  78  79 118 147 150 157 158 158 160 157 150 153
 141 140 146 146 143 146 145 147 139 128  80  78  74  77  77 117 146 149 155 154 152 156 156 152 152
 136 138 143 145 141 142 141 143 136 122  77  77  72  73  76 121 144 145 150 151 153 152 152 150 152
 136 138 140 143 145 142 140 135 132 120  79  74  72  68  77 116 147 145 144 148 152 150 150 150 150
 134 136 139 138 140 140 138 138 134 115  77  74  66  63  70 113 141 140 144 147 149 145 147 147 146
 134 132 139 138 139 136 133 130 128 118  73  64  62  65  68 108 134 137 136 140 142 145 141 143 145
 149 150 150 146 102  80  76  76  79  95 151 157 159 160 160 161 160 160 159 155 148  85  72  65  59
 151 152 151 148 102  80  77  76  80  93 152 158 160 162 162 163 163 162 160 159 152  85  76  65  62
 152 153 152 148 105  82  77  78  81  95 155 161 161 163 164 163 164 163 160 159 153  85  73  63  61
 154 156 153 150 107  83  78  79  83  98 155 160 163 165 165 165 164 163 162 160 152  84  73  65  63
 156 156 154 151 103  84  79  79  82 100 155 161 163 164 166 166 164 163 163 161 153  87  76  67  65
 156 157 155 152 106  85  80  81  83  98 157 161 164 166 165 165 165 163 163 159 155  87  77  70  65
 157 157 156 152 108  86  80  80  84 102 157 162 165 167 166 165 166 165 162 159 152  88  78  73  67
 157 158 157 154 107  85  81  81  84 106 158 164 165 167 166 164 164 163 161 160 151  87  80  75  70
 158 160 158 154 106  87  82  83  86 102 159 165 167 167 167 165 164 163 161 159 155  90  84  79  77
 159 159 158 153 109  86  82  82  86 102 160 164 166 167 166 139 123 124 123 121 115 128 124 124 126
 159 161 159 156 108  88  83  84  86 105 160 164 164 165 165 120  93  90  89  89  93 155 156 156 153
 159 161 161 156 107  89  84  84  87 104 159 164 164 164 162 118  89  87  86  87  93 156 158 159 157
 160 161 161 158 110  91  87  85  88 101 160 163 163 163 160 120  89  85  85  87  91 160 161 160 159
 161 162 163 158 113  94  91  89  90 104 159 160 160 160 156 118  90  88  87  89  95 159 162 161 159
 161 164 163 161 117 101  99  96  93 107 155 156 154 151 148 113  94  94  92  92 103 159 163 163 161
 161 164 165 163 159 158 155 153 151 144  93  92  91  93  92 123 153 151 158 158 159 163 163 162 161
 160 163 165 164 162 162 160 158 155 145  91  87  84  85  88 124 156 160 162 162 164 164 163 162 159
 159 163 164 165 164 164 163 159 157 140  88  83  81  83  86 128 156 161 163 166 165 164 162 161 158
 161 163 166 165 166 164 163 159 156 140  88  80  77  79  83 127 157 162 165 165 164 163 162 160 159
 161 163 165 166 165 164 162 159 154 140  86  78  76  77  81 123 158 161 164 164 164 161 159 159 157
 160 163 164 166 166 162 161 157 151 136  84  77  76  75  79 125 158 161 162 162 161 160 159 157 156
 160 162 165 164 164 162 160 155 148 131  84  76  74  75  79 129 156 158 160 159 159 157 158 156 156
 159 162 162 162 161 160 157 151 145 133  81  73  69  72  78 122 153 156 156 156 156 156 156 154 155
 159 160 161 159 159 157 152 146 141 128  76  69  67  68  76 119 148 151 152 153 154 154 154 154 153
 155 156 157 157 155 152 147 142 137 124  74  67  66  65  72 118 143 146 147 149 150 151 151 151 150
 162 161 159 157 107  83  78  76  78  97 160 166 167 166 166 166 162 162 160 157 150  84  67  61  56
 161 162 162 159 106  82  77  78  81  96 164 167 166 168 169 168 166 165 164 159 155  80  66  59  56
 164 163 165 158 109  84  81  79  82 101 161 166 168 168 173 169 166 168 165 162 154  82  67  61  58
 165 166 163 161 112  85  79  82  84 101 164 168 170 170 170 170 169 167 165 163 152  82  69  63  58
 167 167 167 164 104  85  82  80  85 107 164 172 172 169 171 168 167 166 166 162 153  83  69  61  61
 166 168 167 163 113  87  81  81  85 104 165 170 174 173 172 173 170 168 169 161 155  83  71  65  59
 169 172 168 162 114  87  81  81  84 106 166 174 177 176 174 172 172 171 166 165 155  84  78  67  58
 171 171 170 164 112  87  83  81  84 111 168 174 174 178 177 174 172 169 166 162 152  84  77  72  68
 171 173 169 166 107  88  83  84  86 108 170 174 175 174 175 174 168 168 169 163 157  90  83  77  75
 171 175 174 168 116  89  86  86  87 106 169 175 176 178 175 147 124 125 125 123 117 130 123 126 127
 174 177 175 172 112  91  84  85  88 111 171 175 176 177 172 122  93  89  90  88  95 160 159 157 157
 174 176 175 170 109  92  88  86  89 109 168 175 175 173 168 121  90  87  88  86  95 159 162 161 161
 176 177 177 172 113  95  89  90  90 106 170 174 173 171 169 124  90  87  85  86  91 165 166 164 164
 177 178 177 171 122  96  91  91  89 107 170 171 168 168 163 120  90  89  87  91  97 167 167 164 163
 174 178 179 174 124 108 103 101  96 112 165 165 164 160 155 118  94  94  95  92 103 165 167 167 164
 179 178 180 178 175 170 167 164 163 152 100  97  94  94  97 132 160 158 166 167 166 169 170 169 165
 176 179 178 177 176 175 173 172 168 151  95  88  86  85  89 132 164 170 171 170 168 170 169 168 163
 177 180 180 181 176 177 173 170 167 147  90  85  82  83  88 134 164 172 172 172 172 171 169 168 163
 178 179 180 180 179 177 175 173 168 147  90  83  78  80  86 135 166 171 170 171 172 168 164 165 165
 181 181 181 181 179 179 174 172 165 147  87  79  78  80  86 132 166 169 171 171 172 168 167 165 163
 178 183 182 179 178 177 174 170 161 142  83  79  77  78  85 133 167 171 170 169 168 167 165 163 160
 179 181 181 179 179 175 172 166 157 137  85  78  76  75  81 139 166 169 169 171 167 163 161 161 159
 177 179 178 179 180 176 167 161 156 140  83  77  74  72  81 132 163 163 163 163 163 164 163 164 162
 176 177 176 177 176 172 163 157 151 138  83  72  68  68  79 130 158 159 158 161 160 161 163 162 161
 172 174 174 171 173 164 157 152 148 133  77  69  65  68  74 127 152 155 157 157 157 156 156 157 159

  63  68  70  75  76  75  76  74  82 127 156 159 162 159 157 158 158 156 158 153 152 152 150 146 145
  69  71  70  74  81  78  80  80  84 129 155 161 161 161 160 159 159 160 158 150 152 150 150 147 143
  77  80  85  83  84  87  84  89  93 126 154 156 160 160 160 161 159 158 159 157 156 152 150 147 141
  91  90  93  93  95  93  97  96 100 128 153 151 155 158 158 160 160 161 160 160 156 152 150 145 145
 152 157 156 152 153 156 155 152 155 114  96  99  95  97 101 153 157 161 160 158 152 153 152 149 142
 156 162 157 160 159 163 160 160 158 121  96  90  88  95  95 152 158 160 161 158 154 151 148 147 140
 158 161 166 163 166 166 160 164 159 117  90  90  89  92  96 152 162 156 155 157 155 150 144 144 136
 163 160 165 164 167 163 156 160 159 119  92  89  85  92  96 148 155 155 152 150 149 145 145 140 137
 162 160 164 163 166 164 160 159 159 122  95  91  86  91  94 147 150 151 148 147 146 144 147 141 134
 162 162 164 164 163 164 165 162 160 139 120 117 119 118 111 120 118 119 120 118 117 121 116 113 108
 161 159 156 166 165 163 162 159 160 160 157 151 149 150 140  91  89  83  81  79  77  76  77  70  68
 161 159 157 159 164 166 160 160 165 161 158 153 153 151 143  89  84  81  77  78  77  73  68  63  65
 156 159 159 158 161 161 161 156 160 159 158 156 155 148 148  93  85  78  77  78  74  72  72  66  62
 156 157 152 152 157 155 156 157 156 154 156 155 150 145 145  92  86  81  79  76  78  77  74  74  64
 149 150 146 148 150 150 151 151 147 150 151 150 145 146 142  91  87  86  86  82  80  77  79  77  73
  99  92  95 102 104  99 102 104  97  99 104 100  96 100 101 134 133 135 129 127 128 122 120 115 118
  77  85  83  88  85  84  86  84  85  87  86  83  86  90  95 144 147 144 141 144 139 136 132 134 128
  78  82  78  80  81  82  83  82  84  86  82  84  82  90  92 141 145 143 147 147 147 143 135 138 130
  78  79  80  79  81  81  78  82  83  83  82  80  88  91  98 145 148 146 149 146 145 141 140 138 133
  81  81  83  84  85  87  88  86  89  88  85  84  88  94  96 148 148 149 150 151 146 142 142 140 136
  96 100 104 105 102 104 108 102  99 104  99  98 100 104 106 150 150 146 150 148 143 141 145 140 139
 138 138 141 142 142 141 144 142 143 143 143 142 141 144 146 148 150 149 148 148 146 145 143 138 138
 141 145 145 144 146 146 146 147 147 147 144 143 146 145 147 146 148 149 145 146 146 143 140 139 139
 141 144 145 146 147 148 143 142 147 148 144 145 143 146 145 143 146 147 144 144 140 138 138 136 132
 140 139 141 140 143 144 142 144 147 146 143 143 143 143 146 144 147 144 144 142 141 136 136 134 134
  59  62  61  63  65  65  67  70  77 126 153 157 159 159 161 161 159 158 159 157 156 156 155 153 150
  65  65  63  65  67  70  73  75  79 124 156 159 160 161 163 162 162 161 160 159 157 156 154 154 151
  72  76  73  73  76  77  78  80  84 124 156 158 161 162 163 163 163 162 162 159 159 158 156 154 151
  85  85  85  84  87  87  88  87  90 128 155 156 160 159 159 163 164 164 163 161 160 157 156 154 151
 148 152 153 152 153 155 152 151 155 115  93  93  91  95 103 159 164 165 164 164 161 159 156 154 150
 155 159 159 160 161 159 159 160 159 121  89  87  87  89  92 158 162 166 165 164 162 159 156 153 149
 159 160 160 162 163 163 162 161 161 123  89  86  85  87  92 158 162 163 165 164 162 160 156 152 147
 160 162 163 163 163 163 165 163 163 124  90  87  85  88  94 151 160 161 162 161 161 158 156 151 146
 160 163 164 164 164 165 166 164 164 123  93  89  89  90  94 153 156 156 157 158 158 156 153 148 143
 161 163 163 165 166 165 165 164 165 139 120 118 120 118 113 123 124 128 127 123 125 129 122 119 118
 160 162 164 165 166 165 166 166 167 166 165 162 160 156 148  92  88  86  83  81  79  79  78  76  72
 160 162 163 165 164 166 167 167 167 167 165 164 163 160 151  93  85  83  79  77  75  75  72  68  65
 159 160 161 163 163 164 165 165 167 166 164 164 163 160 154  91  84  81  77  76  76  74  69  67  66
 157 158 161 160 161 161 162 164 165 164 164 164 163 160 156  92  87  83  80  78  77  76  73  69  67
 151 152 155 155 155 157 157 158 159 160 160 159 160 159 155  93  91  88  88  86  84  84  81  76  74
  95  93  95  98 100  98 102 106 102 102 105 104 101 104 107 144 145 140 140 140 136 131 133 128 124
  79  80  81  83  82  83  84  84  86  86  86  87  88  90  93 151 155 157 156 154 151 148 145 141 137
  76  76  78  79  79  81  80  81  83  82  84  84  85  89  96 153 158 159 159 159 157 155 151 146 142
  76  77  77  78  79  80  80  81  82  82  83  84  87  91  99 155 160 163 163 162 161 160 157 152 147
  80  80  82  83  84  85  86  85  87  86  88  89  91  94 101 158 162 164 164 164 162 162 160 157 152
 102 102 105 107 103 106 108 107 106 109 108 107 110 113 117 159 162 164 166 165 166 164 161 159 155
 146 148 148 150 151 152 152 154 154 153 156 156 158 158 161 163 164 165 165 166 166 164 162 159 157
 150 151 152 153 154 155 156 157 158 158 159 161 161 163 163 165 165 164 166 165 164 165 162 161 157
 150 152 153 156 156 157 157 158 160 159 161 161 161 162 164 164 163 163 163 163 163 162 162 160 156
 149 151 152 154 156 156 157 157 158 159 159 159 160 161 161 161 160 159 161 161 160 160 159 159 155
  56  56  58  58  61  59  58  68  75 127 157 161 164 163 164 165 163 163 165 163 160 159 162 161 159
  61  59  61  63  61  65  67  72  77 126 157 161 164 164 167 169 168 168 165 165 163 161 164 162 157
  67  66  67  69  69  71  78  77  83 123 159 162 166 167 167 170 169 169 164 167 165 161 163 163 156
  84  80  82  82  83  83  84  84  90 130 160 159 165 167 165 169 170 171 168 168 167 163 164 161 156
 150 155 154 152 153 155 155 152 157 117  95  95  91  97 103 166 168 172 172 172 168 167 163 160 157
 157 159 162 163 162 161 165 162 163 123  88  86  86  91  92 167 170 172 171 171 169 171 163 161 157
 160 164 165 165 166 169 166 166 169 125  90  88  85  87  95 166 171 172 170 171 170 169 163 158 157
 162 165 168 167 166 168 171 169 168 125  89  87  87  89  94 158 170 172 171 169 171 169 163 159 155
 162 166 166 169 167 170 172 172 168 124  93  90  90  90  94 160 164 164 166 166 167 166 163 158 152
 166 168 169 170 168 173 172 174 174 147 122 121 124 120 118 132 132 134 135 132 133 139 132 130 127
 166 169 173 170 171 172 174 177 175 175 172 168 169 163 155  97  89  88  86  86  85  81  81  79  74
 166 168 168 170 169 173 176 178 174 178 177 173 171 168 160  94  85  83  80  80  78  75  72  68  68
 167 166 168 170 172 174 177 174 175 176 176 175 173 168 164  94  86  82  78  78  77  76  74  68  65
 166 167 166 168 172 170 174 174 174 175 175 175 174 171 165  97  88  85  83  79  79  78  77  72  69
 160 164 161 164 164 165 166 168 170 169 171 168 170 170 165 100  95  90  90  87  83  85  83  83  77
  97  96 101 101 107 104 106 111 108 106 111 109 106 107 112 152 151 147 147 147 142 137 140 138 133
  78  81  82  84  85  85  84  84  86  87  88  89  90  89  96 163 168 167 168 165 161 157 156 151 148
  76  78  79  82  80  81  81  81  84  86  85  86  90  91 101 164 172 170 173 172 170 166 161 157 152
  78  77  81  79  82  81  81  83  83  86  84  88  89  91 103 167 173 173 175 174 174 172 167 163 157
  83  82  84  85  85  87  87  87  88  89  91  92  95  96 108 170 175 177 177 179 177 175 176 172 164
 107 106 109 112 104 113 114 112 107 116 112 109 113 122 124 175 176 176 179 179 178 179 180 176 173
 157 159 158 161 164 163 162 164 166 168 172 170 172 171 174 178 177 181 180 181 179 179 179 177 171
 159 162 165 163 167 167 168 170 169 174 175 175 177 177 179 180 178 180 180 181 182 181 178 176 174
 161 162 163 166 167 168 172 171 173 175 177 176 177 178 178 178 179 180 179 181 183 181 179 177 174
 162 161 164 165 167 166 169 171 171 171 174 174 176 177 174 179 176 177 178 181 178 179 177 176 172

