   0   1   0   1   2   2   0   6   2  34 117 120 120  50   1   0
   6   6   8   7   4   9   4   2   2  41 112 120 116  50   0   1
  48  51  53  59  55  53  16   2   7  21  76  82  84  60  43  46
 121 116 119 114 115 111  39  10   6   7  12   6   1  80 116 116
 117 119 121 119 118 114  46  16   6   3   5   7   5  74 116 120
 121 124 122 119 120 113  54  26  15   8   5   9   6  78 118 119
 122 120 103  50  50  50  87  98  92  72  11   3   3  76 120 121
 125 125  94  24  20  23  97 115 118  95  11   5   8  71 117 118
 124 124  93  22  19  27 103 118 119  96  14   5   8  79 116 118
 124 123  97  61  55  59 107 122 124 109  44  43  37  95 116 118
 125 126 127 124 119 123 123 124 124 119 119 117 117 116 119 118
 126 127 125 125 127 126 126 125 123 122 122 119 118 119 119 120
 125 134 128 133 128 127 126 122 122 122 117 117 118 117 118 115
 130 130 131 126 127 127 124 123 119 120 121 121 120 116 117 114
 131 128 128 128 129 125 122 121 120 118 120 120 117 119 116 111
 127 125 127 127 126 124 121 123 116 119 120 115 115 116 113 113
  43  42  44  43  44  43  43  43  47  83 161 166 167  95  37  32
  49  50  51  52  52  49  47  44  48  84 159 164 164  92  39  34
  99 100 103 102 103  96  67  48  50  73 128 130 130 104  84  86
 160 161 162 161 159 154  92  55  50  50  52  51  51 121 162 160
 164 166 165 164 163 158  96  59  51  48  45  46  48 124 160 163
 166 167 166 163 161 158 101  68  60  53  47  44  47 122 161 161
 166 167 146 107 101 101 130 140 138 117  55  47  49 120 160 161
 167 165 137  79  70  77 141 162 164 140  61  48  50 118 160 161
 167 165 137  78  69  77 142 163 164 142  65  51  52 124 160 160
 168 168 143 101  98 102 150 166 164 146  94  84  84 136 159 159
 167 169 167 164 164 166 166 168 165 161 158 158 157 159 159 159
 168 170 170 169 169 169 170 169 166 162 161 161 161 159 158 158
 169 170 171 169 169 169 169 167 165 162 161 160 159 159 158 158
 169 170 170 171 169 167 168 165 163 161 160 159 159 158 158 158
 169 170 171 168 168 168 166 162 161 161 160 158 157 157 157 157
 168 169 169 167 167 164 162 159 159 160 158 157 156 156 156 156
  40  41  43  43  43  43  42  43  47  82 163 168 168  93  35  32
  47  48  52  51  49  47  45  46  49  81 160 164 165  93  39  35
  99 101 103 101 102  95  65  50  47  72 126 131 130 107  87  86
 163 164 162 160 160 158  90  51  47  49  50  50  50 123 163 162
 166 167 168 168 165 160  95  58  48  47  44  44  48 124 162 163
 167 168 167 165 164 158  99  67  59  51  47  44  47 124 163 162
 166 167 144 105  99  99 130 137 138 118  56  46  48 120 161 163
 167 165 137  77  67  73 141 163 164 140  60  46  47 118 161 161
 169 169 137  74  66  73 143 163 165 140  64  51  50 125 159 160
 168 167 144 100  96 101 154 167 167 147  93  82  84 135 162 161
 169 169 169 166 165 166 167 167 167 162 159 158 159 161 161 160
 169 170 170 169 169 170 170 168 167 163 162 161 161 160 160 159
 170 171 171 170 170 170 170 169 164 163 162 161 160 160 159 159
 170 170 170 170 170 169 169 167 164 162 161 160 160 158 158 157
 168 171 170 169 167 166 167 163 162 160 160 157 157 158 157 156
 168 168 168 168 166 164 162 161 160 160 157 157 156 155 155 154

   0   1  46 116 120 119 121 118 118 118 118 120 115 114 111 113
   1   0  43 116 116 118 120 117 116 116 119 119 118 117 116 113
  50  50  60  80  74  78  76  71  79  95 116 119 117 116 119 116
 120 116  84   1   5   6   3   8   8  37 117 118 118 120 117 115
 120 120  82   6   7   9   3   5   5  43 117 119 117 121 120 115
 117 112  76  12   5   5  11  11  14  44 119 122 117 121 120 120
  34  41  21   7   3   8  72  95  96 109 119 122 122 120 118 119
   2   2   7   6   6  15  92 118 119 124 124 123 122 119 120 116
   6   2   2  10  16  26  98 115 118 122 124 125 122 123 121 123
   0   4  16  39  46  54  87  97 103 107 123 126 126 124 122 121
   2   9  53 111 114 113  50  23  27  59 123 126 127 127 125 124
   2   4  55 115 118 120  50  20  19  55 119 127 128 127 129 126
   1   7  59 114 119 119  50  24  22  61 124 125 133 126 128 127
   0   8  53 119 121 122 103  94  93  97 127 125 128 131 128 127
   1   6  51 116 119 124 120 125 124 123 126 127 134 130 128 125
   0   6  48 121 117 121 122 125 124 124 125 126 125 130 131 127
  32  34  86 160 163 161 161 161 160 159 159 158 158 158 157 156
  37  39  84 162 160 161 160 160 160 159 159 158 158 158 157 156
  95  92 104 121 124 122 120 118 124 136 159 159 159 158 157 156
 167 164 130  51  48  47  49  50  52  84 157 161 159 159 157 156
 166 164 130  51  46  44  47  48  51  84 158 161 160 159 158 157
 161 159 128  52  45  47  55  61  65  94 158 161 161 160 160 158
  83  84  73  50  48  53 117 140 142 146 161 162 162 161 161 160
  47  48  50  50  51  60 138 164 164 164 165 166 165 163 161 159
  43  44  48  55  59  68 140 162 163 166 168 169 167 165 162 159
  43  47  67  92  96 101 130 141 142 150 166 170 169 168 166 162
  43  49  96 154 158 158 101  77  77 102 166 169 169 167 168 164
  44  52 103 159 163 161 101  70  69  98 164 169 169 169 168 167
  43  52 102 161 164 163 107  79  78 101 164 169 169 171 168 167
  44  51 103 162 165 166 146 137 137 143 167 170 171 170 171 169
  42  50 100 161 166 167 167 165 165 168 169 170 170 170 170 169
  43  49  99 160 164 166 166 167 167 168 167 168 169 169 169 168
  32  35  86 162 163 162 163 161 160 161 160 159 159 157 156 154
  35  39  87 163 162 163 161 161 159 162 161 160 159 158 157 155
  93  93 107 123 124 124 120 118 125 135 161 160 160 158 158 155
 168 165 130  50  48  47  48  47  50  84 159 161 160 160 157 156
 168 164 131  50  44  44  46  46  51  82 158 161 161 160 157 157
 163 160 126  50  44  47  56  60  64  93 159 162 162 161 160 157
  82  81  72  49  47  51 118 140 140 147 162 163 163 162 160 160
  47  49  47  47  48  59 138 164 165 167 167 167 164 164 162 160
  43  46  50  51  58  67 137 163 163 167 167 168 169 167 163 161
  42  45  65  90  95  99 130 141 143 154 167 170 170 169 167 162
  43  47  95 158 160 158  99  73  73 101 166 170 170 169 166 164
  43  49 102 160 165 164  99  67  66  96 165 169 170 170 167 166
  43  51 101 160 168 165 105  77  74 100 166 169 170 170 169 168
  43  52 103 162 168 167 144 137 137 144 169 170 171 170 170 168
  41  48 101 164 167 168 167 165 169 167 169 170 171 170 171 168
  40  47  99 163 166 167 166 167 169 168 169 169 170 170 168 168

 113 113 116 115 115 120 119 116 123 121 124 126 127 127 125 127
 111 116 119 117 120 120 118 120 121 122 125 129 128 128 128 131
 114 117 116 120 121 121 120 119 123 124 127 127 126 131 130 130
 115 118 117 118 117 117 122 122 122 126 127 128 133 128 134 125
 120 119 119 118 119 122 122 123 125 126 126 127 125 125 127 126
 118 119 116 117 117 119 119 124 124 123 123 119 124 127 126 125
 118 116  95  37  43  44 109 124 122 107  59  55  61  97 123 124
 118 116  79   8   5  14  96 119 118 103  27  19  22  93 124 124
 118 117  71   8   5  11  95 118 115  97  23  20  24  94 125 125
 121 120  76   3   3  11  72  92  98  87  50  50  50 103 120 122
 119 118  78   6   9   5   8  15  26  54 113 120 119 122 124 121
 120 116  74   5   7   5   3   6  16  46 114 118 119 121 119 117
 116 116  80   1   6  12   7   6  10  39 111 115 114 119 116 121
  46  43  60  84  82  76  21   7   2  16  53  55  59  53  51  48
   1   0  50 116 120 112  41   2   2   4   9   4   7   8   6   6
   0   1  50 120 120 117  34   2   6   0   2   2   1   0   1   0
 156 156 156 156 157 158 160 159 159 162 164 167 167 169 169 168
 157 157 157 157 158 160 161 161 162 166 168 168 168 171 170 169
 158 158 158 159 159 160 161 163 165 168 167 169 171 170 170 169
 158 158 159 159 160 161 162 165 167 169 169 169 169 171 170 169
 158 158 159 161 161 161 162 166 169 170 169 169 169 170 170 168
 159 159 159 157 158 158 161 165 168 166 166 164 164 167 169 167
 159 159 136  84  84  94 146 164 166 150 102  98 101 143 168 168
 160 160 124  52  51  65 142 164 163 142  77  69  78 137 165 167
 161 160 118  50  48  61 140 164 162 141  77  70  79 137 165 167
 161 160 120  49  47  55 117 138 140 130 101 101 107 146 167 166
 161 161 122  47  44  47  53  60  68 101 158 161 163 166 167 166
 163 160 124  48  46  45  48  51  59  96 158 163 164 165 166 164
 160 162 121  51  51  52  50  50  55  92 154 159 161 162 161 160
  86  84 104 130 130 128  73  50  48  67  96 103 102 103 100  99
  34  39  92 164 164 159  84  48  44  47  49  52  52  51  50  49
  32  37  95 167 166 161  83  47  43  43  43  44  43  44  42  43
 154 155 155 156 157 157 160 160 161 162 164 166 168 168 168 168
 156 157 158 157 157 160 160 162 163 167 166 167 169 170 171 168
 157 158 158 160 160 161 162 164 167 169 169 170 170 170 170 170
 159 159 160 160 161 162 163 164 169 170 170 170 170 171 171 170
 159 160 160 161 161 162 163 167 168 170 170 169 169 170 170 169
 160 161 161 159 158 159 162 167 167 167 166 165 166 169 169 169
 161 162 135  84  82  93 147 167 167 154 101  96 100 144 167 168
 160 159 125  50  51  64 140 165 163 143  73  66  74 137 169 169
 161 161 118  47  46  60 140 164 163 141  73  67  77 137 165 167
 163 161 120  48  46  56 118 138 137 130  99  99 105 144 167 166
 162 163 124  47  44  47  51  59  67  99 158 164 165 167 168 167
 163 162 124  48  44  44  47  48  58  95 160 165 168 168 167 166
 162 163 123  50  50  50  49  47  51  90 158 160 160 162 164 163
  86  87 107 130 131 126  72  47  50  65  95 102 101 103 101  99
  35  39  93 165 164 160  81  49  46  45  47  49  51  52  48  47
  32  35  93 168 168 163  82  47  43  42  43  43  43  43  41  40

 127 131 130 125 126 125 124 124 125 122 121 117 121  48   6   0
 125 128 130 134 127 126 123 124 125 120 124 119 116  51   6   1
 127 128 131 128 125 127  97  93  94 103 122 121 119  53   8   0
 127 128 126 133 125 124  61  22  24  50 119 119 114  59   7   1
 126 129 127 128 127 119  55  19  20  50 120 118 115  55   4   2
 124 125 127 127 126 123  59  27  23  50 113 114 111  53   9   2
 121 122 124 126 126 123 107 103  97  87  54  46  39  16   4   0
 123 121 123 122 125 124 122 118 115  98  26  16  10   2   2   6
 116 120 119 122 123 124 124 119 118  92  15   6   6   7   2   2
 119 118 120 122 122 119 109  96  95  72   8   3   7  21  41  34
 120 120 121 117 122 119  44  14  11  11   5   5  12  76 112 117
 115 120 121 117 119 117  43   5   5   3   9   7   6  82 120 120
 115 117 120 118 118 117  37   8   8   3   6   5   1  84 116 120
 116 119 116 117 119 116  95  79  71  76  78  74  80  60  50  50
 113 116 117 118 119 119 116 116 117 120 118 116 116  43   0   1
 113 111 114 115 120 118 118 118 118 121 119 120 116  46   1   0
 168 169 169 169 168 167 168 167 167 166 166 164 160  99  49  43
 169 170 170 170 170 169 168 165 165 167 167 166 161 100  50  42
 169 171 170 171 170 167 143 137 137 146 166 165 162 103  51  44
 167 168 171 169 169 164 101  78  79 107 163 164 161 102  52  43
 167 168 169 169 169 164  98  69  70 101 161 163 159 103  52  44
 164 168 167 169 169 166 102  77  77 101 158 158 154  96  49  43
 162 166 168 169 170 166 150 142 141 130 101  96  92  67  47  43
 159 162 165 167 169 168 166 163 162 140  68  59  55  48  44  43
 159 161 163 165 166 165 164 164 164 138  60  51  50  50  48  47
 160 161 161 162 162 161 146 142 140 117  53  48  50  73  84  83
 158 160 160 161 161 158  94  65  61  55  47  45  52 128 159 161
 157 158 159 160 161 158  84  51  48  47  44  46  51 130 164 166
 156 157 159 159 161 157  84  52  50  49  47  48  51 130 164 167
 156 157 158 159 159 159 136 124 118 120 122 124 121 104  92  95
 156 157 158 158 158 159 159 160 160 160 161 160 162  84  39  37
 156 157 158 158 158 159 159 160 161 161 161 163 160  86  34  32
 168 168 170 170 169 169 168 169 167 166 167 166 163  99  47  40
 168 171 170 171 170 169 167 169 165 167 168 167 164 101  48  41
 168 170 170 171 170 169 144 137 137 144 167 168 162 103  52  43
 168 169 170 170 169 166 100  74  77 105 165 168 160 101  51  43
 166 167 170 170 169 165  96  66  67  99 164 165 160 102  49  43
 164 166 169 170 170 166 101  73  73  99 158 160 158  95  47  43
 162 167 169 170 170 167 154 143 141 130  99  95  90  65  45  42
 161 163 167 169 168 167 167 163 163 137  67  58  51  50  46  43
 160 162 164 164 167 167 167 165 164 138  59  48  47  47  49  47
 160 160 162 163 163 162 147 140 140 118  51  47  49  72  81  82
 157 160 161 162 162 159  93  64  60  56  47  44  50 126 160 163
 157 157 160 161 161 158  82  51  46  46  44  44  50 131 164 168
 156 157 160 160 161 159  84  50  47  48  47  48  50 130 165 168
 155 158 158 160 160 161 135 125 118 120 124 124 123 107  93  93
 155 157 158 159 160 161 162 159 161 161 163 162 163  87  39  35
 154 156 157 159 159 160 161 160 161 163 162 163 162  86  35  32

