 148 151 159 158 151 149 154 156 151 146  74  67  69  71  78 122 157 153 158 155 159 158 151 152 150
 152 154 157 158 156 156 156 159 155 144  72  74  73  67  77 126 156 158 159 163 167 163 161 156 154
 150 156 157 156 159 161 159 155 155 148  73  75  64  68  83 125 154 159 161 164 166 164 162 161 157
 149 147 151 156 162 159 163 161 165 158  82  72  71  76  80 135 156 160 163 166 166 164 164 164 160
 153 159 158 156 157 159 165 163 161 147  79  79  75  69  81 128 158 160 164 165 168 168 164 165 166
 155 159 158 160 161 156 161 164 160 145  76  76  75  74  85 129 157 165 165 164 169 170 169 163 163
 157 157 160 163 162 158 161 162 159 151  79  79  74  77  77 119 158 167 167 169 165 168 170 165 164
 150 156 160 161 159 164 162 163 159 148  80  81  74  81  79 126 160 167 165 168 167 170 168 163 168
 153 150 156 159 157 158 158 159 157 141  80  85  82  85  85 129 159 162 163 165 167 169 167 165 169
 158 156 156 158 145 137 136 144 149 144 103 108 107 106 107 126 139 143 143 141 144 168 170 172 170
 156 159 163 164 106  84  82  84  84 107 164 161 162 159 163 113  82  84  86  90  99 165 170 174 169
 150 156 157 159 104  78  73  78  82 100 166 164 164 169 166 116  79  79  82  85  93 163 166 169 169
 158 161 161 158 100  84  79  82  83 100 159 164 164 165 164 117  82  75  84  81  91 163 168 171 167
 156 157 160 157 101  86  82  83  84 102 162 166 163 164 164 114  82  80  83  85  93 161 167 171 169
 153 158 157 159 108  86  85  86  84 101 160 164 166 165 162 117  77  76  79  83  90 165 166 169 171
 162 166 163 161 147 140 143 141 140 145 163 167 168 172 166 122  83  78  73  79  89 161 164 167 171
 158 158 159 159 157 158 158 163 162 164 166 168 171 163 163 121  89  82  81  79  86 162 164 168 172
 152 156 160 161 160 157 160 160 163 166 168 166 167 165 166 128  85  81  79  76  86 163 166 164 170
 153 154 159 164 163 160 162 160 164 169 171 169 167 171 168 109  80  80  80  80  83 159 165 164 169
 153 154 157 158 156 156 158 161 163 160 164 169 167 174 169 110  84  89  85  81  85 154 163 163 164
 131 141 138 138 144 147 142 148 153 156 167 170 168 167 166 125  99 101 104  99  99 144 152 164 163
  64  71  69  72  75  77  78  83  82 100 165 170 174 171 165 166 166 164 161 167 167  88  86  87  84
  61  56  58  63  65  67  66  74  72  95 163 166 170 173 170 174 173 167 166 169 163  85  78  77  75
  49  48  53  55  60  62  66  71  75  94 161 161 167 167 171 172 169 171 170 165 163  86  81  68  65
  47  49  47  51  56  57  60  63  64  87 154 164 163 166 170 174 171 168 166 168 166  91  75  67  59
 170 172 172 175 176 175 174 175 175 164  82  74  74  76  82 133 170 174 173 175 174 174 173 172 168
 171 174 174 176 177 177 176 176 174 163  82  77  76  77  82 137 173 175 175 178 177 178 175 175 172
 170 175 175 177 177 177 178 178 176 166  84  80  78  78  84 139 173 176 177 178 178 180 179 178 175
 172 173 174 177 179 177 178 178 177 165  85  79  78  79  84 143 172 176 178 180 181 180 179 179 176
 172 173 174 178 179 177 177 178 175 160  84  80  77  79  85 132 173 177 179 181 180 181 180 179 176
 170 173 175 176 177 177 179 178 177 166  85  80  79  79  84 128 173 177 179 180 180 181 182 181 179
 171 175 176 176 177 177 178 178 176 166  85  80  79  80  83 133 173 177 181 180 179 181 179 181 179
 171 173 175 177 175 176 177 177 176 164  89  83  81  82  84 132 173 177 178 181 180 180 180 180 180
 171 173 177 176 175 175 175 174 175 160  88  85  85  84  86 130 171 174 177 176 177 179 182 180 179
 171 173 174 176 156 154 154 153 157 148 106 112 113 110 110 129 150 151 155 155 155 177 180 180 179
 169 171 173 172 115  90  87  89  89 108 177 176 177 178 177 126  88  88  89  92 102 173 179 179 179
 167 171 172 169 111  82  82  84  85 107 177 179 178 179 178 129  84  82  84  87  96 172 177 178 178
 168 170 171 169 108  83  81  82  84 109 175 180 181 179 179 126  84  80  82  84  91 170 175 178 178
 168 169 170 169 108  84  83  82  84 106 177 181 181 179 179 126  83  80  81  84  91 166 174 176 177
 167 170 170 169 112  85  85  86  87 107 176 178 180 180 177 123  82  80  80  83  90 167 174 176 177
 166 168 171 170 154 148 152 150 152 159 177 180 180 180 178 135  84  79  79  81  87 165 174 176 174
 167 170 173 172 172 171 172 172 174 175 178 181 179 178 176 131  85  80  80  81  89 164 173 174 175
 166 169 173 173 171 170 172 172 176 177 178 178 178 179 178 132  85  82  80  81  87 166 170 172 173
 164 167 170 171 170 171 172 172 173 175 177 177 178 180 178 120  87  83  81  82  85 163 170 172 171
 160 164 167 168 167 169 169 169 171 174 177 177 178 179 177 120  86  84  83  83  88 163 168 167 168
 141 145 148 151 152 155 156 157 160 166 174 175 176 177 177 131  97 104 102 100 101 149 152 164 160
  63  68  71  72  74  76  76  81  83  98 173 173 175 175 177 175 175 175 174 171 169  89  83  81  82
  55  58  63  63  64  66  69  74  75  96 167 171 173 174 175 177 176 176 176 173 170  91  78  75  73
  49  53  55  56  58  59  63  64  70  89 165 168 171 173 175 175 175 175 176 172 171  88  76  71  68
  48  50  50  52  52  55  57  60  66  87 161 166 168 169 172 173 172 174 172 171 170  92  73  67  64
 189 191 195 194 193 191 192 191 190 177  86  80  82  83  85 142 185 189 188 190 188 190 188 187 182
 187 185 191 192 192 191 191 192 190 177  85  81  81  80  87 148 188 189 190 192 190 192 191 187 185
 187 189 193 192 190 193 194 193 192 181  90  83  78  83  87 148 190 190 188 191 191 194 192 190 187
 186 186 189 192 192 193 194 192 190 180  91  80  83  87  86 151 186 189 189 192 193 194 193 192 189
 185 190 191 193 193 192 192 195 194 176  90  82  82  82  87 139 188 189 190 192 194 193 192 194 192
 186 190 191 194 191 190 193 194 193 179  91  82  79  79  87 138 187 192 192 189 194 195 193 192 189
 186 189 190 191 191 191 189 193 194 180  89  82  80  82  85 141 186 188 190 191 193 194 193 190 188
 187 189 188 185 189 190 190 191 192 178  93  85  83  84  87 139 184 187 188 191 193 192 191 194 191
 186 185 188 187 188 188 184 189 186 172  93  89  86  86  89 137 180 184 188 187 187 188 190 192 194
 182 185 187 187 169 160 160 162 161 156 111 118 117 117 117 135 156 158 162 162 160 185 193 194 193
 183 183 186 187 118  90  89  91  90 112 187 189 192 191 191 132  90  90  93  95 106 181 190 189 188
 180 182 184 182 116  87  86  86  87 113 188 189 192 194 191 132  84  87  84  87  98 179 189 187 189
 180 182 181 185 115  85  83  84  86 114 186 188 187 191 191 133  85  83  84  87  97 185 192 189 188
 179 182 182 180 113  85  83  85  89 108 185 188 187 186 187 133  83  80  84  84  95 177 188 188 189
 179 180 179 178 117  86  85  87  92 110 183 190 190 190 188 130  83  82  82  84  92 179 187 183 186
 182 181 182 182 165 158 159 162 161 167 188 186 188 192 189 142  85  82  79  82  91 175 186 186 183
 181 178 181 182 181 179 180 183 186 186 186 189 190 192 190 140  85  81  80  81  88 170 183 182 183
 177 181 181 180 181 181 178 182 186 186 186 187 188 190 190 134  83  82  81  81  85 176 180 180 181
 176 176 179 180 180 179 179 181 181 184 186 189 188 186 186 121  88  83  79  81  83 169 174 178 180
 169 175 177 180 179 179 178 177 178 184 185 187 187 187 184 122  87  85  82  83  85 165 174 177 179
 148 151 155 159 161 162 164 163 166 172 181 183 183 185 185 137 101 107 105 102 102 153 159 172 172
  66  71  70  72  77  79  79  82  84  99 180 180 182 183 186 184 182 183 183 183 178  92  83  83  84
  58  60  60  67  69  70  72  73  78  97 176 179 182 183 188 190 187 186 184 183 180  94  78  75  75
  49  55  56  58  61  62  66  66  70  93 176 176 181 179 180 183 183 183 182 181 179  88  75  70  68
  47  53  54  56  57  58  58  61  65  88 171 175 178 179 179 179 182 182 182 181 178  96  73  68  67

 150 154 157 160 166 163 164 168 169 170 169 169 167 169 171 171 172 170 169 164 163  84  75  65  59
 152 156 161 164 165 163 165 163 165 172 174 169 171 171 169 167 168 164 164 163 164  87  77  68  67
 151 161 162 164 164 169 170 168 167 170 170 166 168 167 166 164 164 166 165 163 152  86  78  81  75
 158 163 164 164 168 170 168 170 169 168 165 163 163 161 165 161 162 163 159 154 144  88  85  86  91
 159 167 166 166 168 169 165 167 167 144  99  93  91  93  90  89  86  86  83  85  99 167 163 163 166
 155 163 164 166 165 164 169 168 165 141  90  85  81  85  83  79  79  76  80  81  99 167 169 165 168
 158 159 161 163 164 165 167 165 163 143  86  82  84  83  79  73  81  79  80  85 104 161 166 170 166
 153 158 159 160 160 165 167 167 162 143  84  79  75  80  76  78  82  81  80  89 101 164 167 171 168
 157 156 154 156 158 157 158 160 159 139  82  79  82  82  77  83  89  85  80  84  99 166 173 169 171
 122 126 125 135 128 129 119 126 129 126 113 116 117 114 117 122 121 128 109 110 125 166 174 172 174
  78  77  83  80  81  85  77  79  85 107 163 166 164 164 162 166 163 166 168 169 166 165 170 171 170
  71  67  68  76  69  74  77  81  85 106 159 169 165 164 165 172 163 165 171 174 167 171 173 167 166
  69  73  64  71  75  75  74  74  82 107 162 164 164 163 166 168 171 167 167 167 168 174 170 167 163
  67  74  75  72  79  76  79  81  85 108 161 164 164 166 164 167 168 166 169 169 170 170 166 161 164
  74  72  73  82  79  76  79  80  80 103 164 166 159 162 160 163 166 168 171 164 167 165 163 161 154
 146 144 148 158 147 145 151 148 141 144 107 100 100 102 101 145 164 166 169 160 156 100  95  94  87
 151 155 155 165 161 160 159 159 157 149  84  82  83  84  84 140 162 163 164 163 153  82  72  75  64
 156 159 155 161 163 164 162 163 159 144  84  78  82  83  86 141 163 160 160 161 148  83  74  71  63
 154 156 159 163 165 161 161 162 158 136  82  73  79  82  85 143 158 160 162 158 142  78  66  66  60
 149 156 161 159 159 156 158 164 158 137  84  78  84  86  86 140 158 157 160 156 147  77  67  62  57
 151 156 159 162 157 161 162 159 157 145 106 104 100 101 108 147 157 160 163 156 144  75  65  60  56
 158 158 156 156 156 160 163 161 159 158 164 159 158 157 159 161 159 161 164 158 138  72  63  55  51
 159 157 157 151 158 158 160 160 156 156 163 157 161 160 157 163 159 160 159 157 138  69  58  53  47
 151 154 156 147 159 159 157 156 150 156 159 156 161 157 158 166 158 156 154 154 141  71  56  48  49
 148 152 150 149 153 155 157 150 153 158 156 150 158 156 153 162 158 152 153 153 131  64  61  49  47
 168 172 175 176 176 179 179 180 179 179 179 178 178 177 177 174 175 173 171 168 160  82  73  68  64
 172 175 178 179 179 181 181 180 180 180 179 178 178 176 176 176 174 172 172 167 164  81  75  71  67
 173 175 179 179 180 182 179 180 182 180 179 177 175 174 174 174 173 170 170 168 152  83  78  76  73
 174 178 180 180 181 181 181 180 179 177 173 172 170 166 167 165 164 166 163 163 149  89  91  88  92
 174 177 178 181 180 180 179 180 177 155 102  96  91  91  90  87  89  87  85  88 101 169 170 171 170
 175 178 178 180 181 180 180 181 176 155  92  87  84  84  83  81  81  81  82  83 100 171 173 172 171
 173 175 177 178 179 179 181 178 177 155  89  84  82  81  80  79  80  80  81  83 102 174 176 176 172
 174 175 176 176 177 177 177 177 174 151  88  82  80  80  80  79  80  82  83  84 104 175 176 175 174
 170 173 173 172 173 173 173 173 171 150  88  84  84  83  82  84  85  85  87  86  97 175 176 175 172
 133 137 139 143 132 128 133 132 130 129 126 129 126 126 123 135 131 132 120 120 131 175 177 175 173
  82  82  84  84  85  84  83  84  86 110 177 178 179 179 177 178 176 178 178 177 177 177 175 175 172
  76  77  78  79  79  79  80  82  84 110 178 179 179 179 180 180 178 179 180 179 177 175 174 173 169
  74  76  78  78  77  79  79  81  85 113 177 178 181 181 180 180 179 178 178 178 176 175 173 171 168
  74  77  80  79  80  80  80  83  85 112 176 179 180 181 178 180 181 178 177 177 175 173 171 168 166
  82  82  84  85  84  85  85  89  88 106 177 177 175 177 176 177 178 178 177 177 174 173 167 165 161
 164 163 166 165 160 166 166 164 160 148 108 107 109 106 107 159 175 177 175 174 166  98  96  89  87
 175 174 176 177 175 177 176 176 175 157  89  85  84  84  87 152 174 176 173 171 160  83  75  70  66
 175 176 178 178 178 178 178 177 174 153  89  84  82  82  86 150 172 172 172 169 157  81  74  64  60
 174 176 178 178 177 179 178 177 175 154  87  82  81  83  85 152 172 172 172 169 156  76  69  63  57
 175 177 177 177 177 177 177 176 175 154  90  82  83  84  85 148 171 170 171 169 155  76  66  59  55
 176 177 177 179 179 177 177 175 175 156 115 111 108 108 112 154 172 171 170 167 152  74  64  58  52
 175 176 177 177 178 176 176 177 176 176 172 169 169 169 169 170 172 173 171 168 151  72  63  56  52
 172 174 175 174 174 175 176 175 177 174 173 172 171 170 170 171 173 173 170 167 148  71  63  55  50
 172 174 175 173 173 173 175 173 173 173 171 171 170 169 170 168 170 169 167 164 145  68  58  53  50
 170 171 170 172 172 170 171 171 171 171 169 167 168 168 167 166 167 166 164 160 141  63  55  49  48
 182 185 187 189 192 189 188 191 194 193 188 189 188 189 186 183 183 181 180 179 172  84  75  68  67
 187 187 190 192 194 192 190 194 192 194 189 187 189 188 183 186 182 180 178 177 172  83  75  70  68
 188 191 192 193 192 193 193 191 190 193 190 189 192 188 187 186 183 180 174 174 159  83  78  75  73
 190 192 194 194 193 195 194 192 188 185 181 179 185 177 179 175 170 176 169 165 153  92  94  88  96
 188 190 191 193 194 194 193 193 187 160 106  98  97  95  92  91  88  85  83  85 102 178 180 179 178
 190 192 191 192 192 189 191 191 187 162  95  87  87  84  84  82  81  81  81  83 102 183 183 181 181
 188 190 188 189 190 192 190 188 188 162  93  84  84  84  82  79  80  81  79  82 105 183 184 182 182
 189 189 190 189 189 192 188 187 184 158  90  87  83  80  82  82  81  82  83  85 107 183 186 183 182
 185 188 190 186 188 187 186 184 180 156  90  84  85  83  83  85  85  83  88  87 101 182 187 183 182
 142 148 148 151 139 138 141 139 137 135 132 132 133 133 130 142 140 134 121 122 137 184 190 183 179
  85  87  87  86  87  87  85  87  89 117 191 191 191 187 188 189 190 190 186 184 185 186 188 180 179
  83  80  83  87  82  79  82  84  86 117 191 194 191 186 190 192 192 190 186 187 185 183 183 179 179
  82  81  78  83  82  79  80  83  86 117 192 192 187 187 190 188 190 188 188 187 183 182 182 181 178
  80  81  83  80  82  82  82  85  89 118 189 189 188 188 190 186 189 187 189 187 183 180 179 176 175
  86  85  90  91  90  91  89  93  93 111 187 188 186 185 183 188 186 186 186 185 181 180 176 176 171
 177 177 181 180 176 179 180 178 172 156 112 113 114 108 110 167 186 186 184 184 172  99  97  93  88
 190 190 192 190 194 193 194 192 186 161  90  87  86  89  92 161 186 186 181 178 166  84  78  70  65
 191 192 193 192 195 194 193 191 189 162  91  86  84  85  87 162 183 182 181 177 163  82  73  66  61
 192 191 194 194 192 193 189 190 184 160  89  86  83  83  85 159 180 178 179 178 164  79  72  66  58
 191 191 193 193 192 190 191 190 188 160  90  87  85  85  86 158 179 181 179 179 162  79  70  62  58
 193 192 190 192 193 191 191 189 188 169 118 116 115 113 117 165 181 181 180 179 161  77  69  61  57
 194 192 192 192 193 194 191 185 187 187 187 182 185 180 178 182 182 180 180 180 159  72  67  58  56
 195 191 193 189 191 191 190 188 188 187 186 184 181 182 179 182 181 181 179 177 155  70  60  56  54
 191 185 189 186 190 190 189 189 185 185 183 182 182 182 180 181 178 181 176 175 151  71  60  55  53
 189 187 187 186 185 186 186 187 186 182 183 180 180 179 179 182 181 177 176 169 148  66  58  49  47

  59  67  75  91 166 168 166 168 171 174 170 166 163 164 154  87  64  63  60  57  56  51  47  49  47
  65  68  81  86 163 165 170 171 169 172 171 167 167 161 161  94  75  71  66  62  60  55  53  48  49
  75  77  78  85 163 169 166 167 173 174 170 173 170 166 163  95  72  74  66  67  65  63  58  56  61
  84  87  86  88 167 167 161 164 166 166 165 171 174 170 165 100  82  83  78  77  75  72  69  71  64
 163 164 152 144  99  99 104 101  99 125 166 167 168 170 167 156 153 148 142 147 144 138 138 141 131
 164 163 163 154  85  81  85  89  84 110 169 174 167 169 164 160 163 161 158 156 156 158 157 154 153
 169 164 165 159  83  80  80  80  80 109 168 171 167 169 171 169 164 160 162 160 163 164 159 154 153
 170 164 166 163  86  76  79  81  85 128 166 165 167 166 168 166 163 160 160 157 160 161 160 156 152
 172 168 164 162  86  79  81  82  89 121 163 163 171 168 166 164 162 163 158 158 157 159 159 158 158
 171 167 164 161  89  79  73  78  83 122 166 172 168 167 163 145 140 141 143 140 147 161 163 166 162
 171 169 166 165  90  83  79  76  77 117 162 165 166 164 160 101  84  86  85  86 108 159 157 158 153
 169 171 167 161  93  85  83  80  82 114 164 164 163 166 162 102  84  83  82  86 101 157 160 157 156
 167 171 168 163  91  81  84  75  82 117 164 165 164 164 159 100  83  82  79  84 100 158 161 161 158
 169 169 166 163  93  85  82  79  79 116 166 169 164 164 166 100  82  78  73  78 104 159 157 156 150
 169 174 170 165  99  90  86  84  82 113 163 159 162 161 164 107  84  84  82  84 106 164 163 159 156
 170 172 170 168 144 141 143 143 139 126 107 106 107 108 103 144 149 144 136 137 145 158 156 156 158
 169 165 167 169 167 165 163 162 159 129  85  85  82  85  80 141 157 159 158 158 157 159 156 150 153
 168 163 168 170 167 168 165 167 160 126  79  81  74  81  80 148 159 163 162 164 159 161 160 156 150
 164 165 170 168 165 169 167 167 158 119  77  77  74  79  79 151 159 162 161 158 162 163 160 157 157
 163 163 169 170 169 164 165 165 157 129  85  74  75  76  76 145 160 164 161 156 161 160 158 159 155
 166 165 164 168 168 165 164 160 158 128  81  69  75  79  79 147 161 163 165 159 157 156 158 159 153
 160 164 164 164 166 166 163 160 156 135  80  76  71  72  82 158 165 161 163 159 162 156 151 147 149
 157 161 162 164 166 164 161 159 154 125  83  68  64  75  73 148 155 155 159 161 159 156 157 156 150
 154 156 161 163 167 163 159 158 156 126  77  67  73  74  72 144 155 159 156 156 156 158 157 154 152
 150 152 151 158 159 155 158 153 157 122  78  71  69  67  74 146 151 156 154 149 151 158 159 151 148
  64  67  73  92 170 171 172 174 172 173 172 169 168 166 161  87  66  60  57  55  52  52  50  50  48
  68  71  76  88 171 172 176 175 175 175 175 173 171 168 165  89  70  64  63  59  58  56  55  53  49
  73  75  78  91 170 173 176 176 176 177 175 174 173 171 167  96  75  74  69  66  64  63  63  58  55
  82  81  83  89 169 171 174 175 175 175 177 175 175 173 173  98  83  81  76  76  74  72  71  68  63
 160 164 152 149 101 100 102 104  97 131 177 177 176 175 174 166 160 157 156 155 152 151 148 145 141
 168 167 168 163  88  83  83  84  86 120 177 179 178 177 177 174 171 169 169 169 167 168 167 164 160
 171 172 170 163  85  82  81  83  87 120 178 180 178 177 177 175 173 172 172 171 170 171 170 167 164
 173 172 170 166  87  81  80  82  85 132 178 179 178 178 178 177 176 172 172 170 171 173 173 169 166
 175 174 173 164  89  81  80  80  85 131 176 178 179 181 178 175 174 172 172 171 172 172 173 170 167
 174 176 174 165  87  81  79  79  84 135 178 180 180 180 177 159 152 150 152 148 154 170 171 168 166
 177 176 174 167  90  83  80  80  82 123 177 180 180 178 176 107  87  86  85  85 112 169 170 170 167
 177 176 174 166  91  84  81  80  83 126 179 179 181 181 177 106  84  82  83  84 108 169 170 169 168
 178 178 175 170  91  84  82  80  84 126 179 179 181 180 175 109  84  82  81  83 108 169 171 170 168
 178 178 177 172  96  87  84  82  84 129 178 179 178 179 177 107  85  84  82  82 111 169 172 171 167
 179 179 179 173 102  92  89  88  88 126 177 178 177 176 177 108  89  89  87  90 115 172 173 171 169
 179 180 180 177 155 155 155 151 150 129 110 110 113 112 106 148 157 153 154 154 156 176 174 173 171
 179 180 182 179 177 176 177 174 171 130  86  84  85  85  88 160 175 174 175 175 175 176 177 173 171
 180 180 180 180 180 181 178 177 173 132  84  82  81  83  89 164 176 177 177 176 175 177 175 173 171
 179 181 179 181 179 180 181 177 173 133  83  80  79  80  85 166 176 178 178 177 177 176 176 175 171
 179 181 182 181 180 180 179 177 173 128  84  79  79  80  85 166 177 178 179 177 177 176 175 173 170
 176 179 180 181 180 181 179 177 173 132  85  79  77  80  84 160 175 178 177 177 179 178 174 173 172
 176 179 179 180 181 180 178 176 172 143  84  79  78  79  85 165 177 178 178 177 179 177 174 173 172
 175 178 179 180 178 178 177 176 173 139  84  78  78  80  84 166 176 178 178 177 177 177 175 175 170
 172 175 175 178 177 178 175 175 173 137  82  77  76  77  82 163 174 176 176 177 177 176 174 174 171
 168 172 173 174 174 175 173 174 170 133  82  76  74  74  82 164 175 175 174 175 176 175 172 172 170
  67  68  73  96 178 181 182 182 182 179 179 179 178 175 171  88  65  61  58  58  57  56  54  53  47
  68  70  75  88 179 181 182 183 183 183 180 179 181 176 176  93  70  66  66  62  61  58  56  55  49
  75  75  78  94 180 183 184 186 187 190 188 183 182 179 176  97  78  73  72  70  69  67  60  60  58
  84  83  83  92 178 183 183 183 182 184 186 183 182 180 180  99  84  82  79  79  77  72  70  71  66
 172 172 159 153 102 102 105 107 101 137 185 185 183 183 181 172 166 163 164 162 161 159 155 151 148
 179 177 174 165  85  83  82  85  87 122 184 187 187 187 185 184 178 177 178 179 179 180 177 175 169
 180 178 174 169  83  81  79  83  88 121 186 186 188 189 186 184 181 181 179 179 180 180 179 176 176
 181 180 180 176  85  81  81  82  83 134 190 190 188 187 186 186 186 182 178 181 181 180 181 181 177
 183 182 183 170  88  81  80  81  85 140 190 192 190 189 186 186 186 183 180 179 181 182 181 178 181
 183 186 186 175  91  82  79  82  85 142 189 192 188 186 188 167 161 162 159 158 165 182 182 181 182
 186 183 187 179  92  84  82  82  83 130 188 190 190 190 183 110  92  87  85  86 117 178 179 180 179
 189 188 188 177  95  84  84  80  83 133 187 186 187 188 185 108  89  85  83  85 113 180 182 182 179
 188 189 192 185  97  87  84  83  85 133 191 191 187 188 186 114  86  84  83  85 115 185 181 182 180
 189 187 189 179  98  87  84  87  84 132 191 194 192 189 188 113  87  86  86  87 116 182 184 182 180
 188 189 190 181 106  95  93  90  90 132 191 191 192 189 187 112  90  91  89  90 118 187 186 183 183
 193 194 193 185 160 162 162 158 156 135 117 117 117 118 111 156 161 162 160 160 169 187 187 185 182
 194 192 190 188 187 187 188 184 180 137  89  86  86  89  93 172 186 189 184 188 188 187 188 185 186
 191 194 191 192 193 191 188 187 184 139  87  84  83  85  93 178 192 191 190 190 189 185 188 189 187
 188 190 193 194 193 191 190 188 186 141  85  82  80  82  89 180 194 193 189 191 191 191 190 189 186
 189 192 193 195 194 189 192 192 187 138  87  79  79  82  91 179 193 194 193 190 191 194 191 190 186
 192 194 192 193 194 192 190 189 188 139  87  82  82  82  90 176 194 195 192 192 193 193 191 190 185
 189 192 193 194 193 192 189 189 186 151  86  87  83  80  91 180 190 192 194 193 192 192 189 186 186
 187 190 192 194 191 191 188 190 190 148  87  83  78  83  90 181 192 193 194 193 190 192 193 189 187
 185 187 191 192 190 192 190 189 188 148  87  80  81  81  85 177 190 192 191 191 192 192 191 185 187
 182 187 188 190 188 190 188 189 185 142  85  83  82  80  86 177 190 191 192 191 193 194 195 191 189

  47  49  61  64 131 153 153 152 158 162 153 156 158 150 156 158 153 150 157 155 153 149 150 152 148
  49  48  56  71 141 154 154 156 158 166 158 157 161 156 159 156 150 156 157 159 159 147 156 154 151
  47  53  58  69 138 157 159 160 159 163 157 160 161 157 163 156 156 160 160 158 158 151 157 157 159
  51  55  63  72 138 158 164 161 159 161 159 157 158 159 164 158 159 161 163 160 156 156 156 158 158
  56  60  65  75 144 156 163 160 157 147 108 101 100 104 106 145 157 159 162 161 157 162 159 156 151
  57  62  67  77 147 156 160 157 158 140  86  86  84  78  84 137 158 164 158 156 159 159 161 156 149
  60  66  66  78 142 158 162 160 158 143  85  82  79  73  82 136 158 162 161 161 165 163 159 156 154
  63  71  74  83 148 161 160 160 163 141  86  83  82  78  84 144 159 163 162 164 163 161 155 159 156
  64  75  72  82 153 163 164 163 162 140  84  84  83  82  84 149 157 159 159 160 161 165 155 155 151
  87  94  95 100 156 160 169 166 164 145 101 102 100 100 107 144 141 148 151 145 147 158 148 144 146
 154 161 163 165 167 164 171 168 166 163 160 162 159 166 164 103  80  80  79  76  79  82  73  72  74
 164 161 166 170 170 169 169 166 168 167 164 166 164 164 161 108  85  81  79  76  79  72  75  74  67
 163 167 170 174 168 167 167 167 171 168 166 163 164 164 162 107  82  74  74  75  75  71  64  73  69
 166 167 173 171 167 174 171 165 163 172 165 164 165 169 159 106  85  81  77  74  69  76  68  67  71
 170 171 170 165 166 169 168 166 163 166 162 164 164 166 163 107  85  79  77  85  81  80  83  77  78
 174 172 174 166 125 110 109 128 121 122 117 114 117 116 113 126 129 126 119 129 128 135 125 126 122
 171 169 173 166  99  84  80  85  89  83  77  82  82  79  82 139 159 160 158 157 158 156 154 156 157
 168 171 167 164 101  89  80  81  82  78  76  80  75  79  84 143 162 167 167 165 160 160 159 158 153
 166 170 166 161 104  85  80  79  81  73  79  83  84  82  86 143 163 165 167 165 164 163 161 159 158
 168 165 169 167  99  81  80  76  79  79  83  85  81  85  90 141 165 168 169 164 165 166 164 163 155
 166 163 163 167  99  85  83  86  86  89  90  93  91  93  99 144 167 167 165 169 168 166 166 167 159
  91  86  85  88 144 154 159 163 162 161 165 161 163 163 165 168 169 170 168 170 168 164 164 163 158
  75  81  78  86 152 163 165 166 164 164 166 167 168 166 170 170 167 168 170 169 164 164 162 161 151
  67  68  77  87 164 163 164 164 168 167 169 171 171 169 174 172 165 163 165 163 165 164 161 156 152
  59  65  75  84 163 164 169 170 172 171 171 169 167 169 169 170 169 168 164 163 166 160 157 154 150
  48  49  55  63 141 160 164 166 167 166 167 168 168 167 169 171 171 171 171 170 172 172 170 171 170
  50  53  58  68 145 164 167 169 170 168 170 169 170 171 171 173 173 173 175 173 173 173 175 174 172
  50  55  63  71 148 167 170 173 173 171 170 170 171 172 173 174 177 175 176 175 174 174 175 174 172
  52  56  63  72 151 168 171 173 172 170 169 169 169 169 172 176 176 177 176 176 178 177 177 176 175
  52  58  64  74 152 167 170 171 172 154 112 108 108 111 115 156 175 175 177 177 179 179 177 177 176
  55  59  66  76 155 169 171 170 171 148  85  84  83  82  90 154 175 176 177 177 177 177 177 177 175
  57  63  69  76 156 169 172 172 172 152  85  83  81  82  87 154 175 177 178 179 177 178 178 176 174
  60  64  74  81 157 169 172 172 172 150  86  82  82  84  89 153 174 177 178 178 178 178 178 176 175
  66  70  75  83 160 171 173 176 174 152  87  84  84  85  89 157 175 176 176 177 175 177 176 174 175
  87  89  96  98 166 174 175 177 175 159 107 106 109 107 108 148 160 164 166 166 160 165 166 163 164
 161 165 167 173 174 177 177 178 178 177 176 177 175 177 177 106  88  89  85  85  84  85  84  82  82
 166 168 171 173 175 177 177 178 181 180 178 181 180 179 176 112  85  83  80  80  80  79  80  77  74
 168 171 173 175 176 178 178 178 179 180 180 181 181 178 177 113  85  81  79  79  77  78  78  76  74
 169 173 174 175 177 179 180 179 178 180 180 179 179 179 178 110  84  82  80  79  79  79  78  77  76
 172 175 175 177 177 177 178 178 176 178 177 179 179 178 177 110  86  84  83  84  85  84  84  82  82
 173 175 177 175 131 120 120 132 131 135 123 126 126 129 126 129 130 132 133 128 132 143 139 137 133
 172 175 176 175  97  86  87  85  85  84  82  83  84  84  88 150 171 173 173 173 173 172 173 173 170
 174 175 176 175 104  84  83  82  80  79  80  80  80  82  88 151 174 177 177 177 177 176 176 175 174
 172 176 176 174 102  83  81  80  80  79  80  81  82  84  89 155 177 178 181 179 179 178 177 175 173
 171 172 173 171 100  83  82  81  81  81  83  84  84  87  92 155 176 181 180 180 181 180 178 178 175
 170 171 170 169 101  88  85  87  89  87  90  91  91  96 102 155 177 180 179 180 180 181 178 177 174
  92  88  91  89 149 163 163 166 164 165 167 166 170 172 173 177 179 180 181 181 181 180 180 178 174
  73  76  78  83 152 168 170 170 173 174 174 174 175 177 179 180 182 180 179 182 180 179 179 175 173
  67  71  75  81 164 167 172 172 174 176 176 176 178 178 179 180 180 180 181 181 179 179 178 175 172
  64  68  73  82 160 168 171 173 175 174 177 177 178 178 179 179 179 180 179 179 176 176 175 172 168
  47  49  58  66 148 169 176 177 181 182 179 179 180 180 183 182 186 187 186 186 185 186 187 187 189
  53  55  60  71 151 175 176 181 178 181 180 182 182 182 183 185 185 189 189 190 190 186 189 185 191
  54  56  60  70 155 177 179 181 181 182 179 182 181 184 186 187 188 188 190 191 191 189 193 191 195
  56  58  67  72 159 180 180 180 182 182 178 180 185 182 187 187 187 185 191 194 193 192 192 192 194
  57  61  69  77 161 179 180 181 181 165 117 113 115 116 118 169 188 189 191 191 193 192 190 192 193
  58  62  70  79 162 179 179 181 179 158  86  85  85  87  90 160 188 190 191 190 192 193 193 191 191
  58  66  72  79 164 178 179 178 180 159  85  83  83  86  89 160 184 190 189 193 192 194 194 191 192
  61  66  73  82 163 177 181 182 183 162  87  85  84  86  91 162 189 191 193 194 195 192 193 192 191
  65  70  78  84 166 178 181 186 186 161  92  89  86  87  90 161 186 192 194 193 194 190 192 190 190
  88  93  97  99 172 184 184 186 186 167 110 108 114 113 112 156 172 178 180 179 176 180 181 177 177
 171 176 176 180 181 185 186 186 186 188 183 185 186 188 187 111  93  93  89  91  90  91  90  85  86
 175 176 179 180 183 187 189 187 189 186 190 188 188 189 189 118  89  85  82  82  82  80  83  81  80
 178 181 182 182 183 187 188 188 190 188 190 187 187 192 192 117  86  83  80  79  82  83  78  81  82
 179 179 183 183 185 187 186 190 192 192 190 186 191 194 191 117  86  84  82  79  82  87  83  80  83
 179 180 188 186 185 184 186 190 190 189 188 187 191 191 191 117  89  87  85  87  87  86  87  87  85
 179 183 190 184 137 122 121 134 140 142 130 133 133 132 132 135 137 139 141 138 139 151 148 148 142
 182 183 187 182 101  87  88  83  85  85  83  83  85  84  90 156 180 184 186 187 188 186 190 188 185
 182 183 186 183 107  85  83  82  81  82  82  80  83  87  90 158 184 187 188 192 189 189 190 189 189
 182 182 184 183 105  82  79  81  80  79  82  84  84  84  93 162 188 188 190 192 190 189 188 190 188
 181 181 183 183 102  83  81  81  81  82  84  84  87  87  95 162 187 191 191 189 192 192 191 192 190
 178 179 180 178 102  85  83  85  88  91  92  95  97  98 106 160 187 193 193 194 194 193 191 190 188
  96  88  94  92 153 165 169 176 170 175 179 177 185 179 181 185 188 192 194 195 193 194 194 192 190
  73  75  78  83 159 174 174 180 183 186 187 188 192 189 190 193 190 191 193 193 192 193 192 191 188
  68  70  75  83 172 177 178 180 182 186 183 188 189 187 189 194 192 194 190 192 194 192 190 187 187
  67  68  75  84 172 179 180 181 183 183 186 189 188 189 188 193 194 191 188 189 192 189 187 185 182

